ID	6148	5939	6761	6971	6835	4632	6745	2668	6831	6982	6147	6847	6968	6145	6979	6595	6146	5931	6744	4676	6985	6743	5932	2665	6969	5936	4627	2661	6983	6742	6981	6975	6849	4512	6778	4626	5933	6978	2662	5930	5935	2657	5645	4625	6980	4490	6776	6829	6984	6836	6986	2655	6972	6828	6144	6777	3396	6970
ALDH6A1	407.5141	493.0684	315.6846	334.7939	295.8027	688.9840	262.1771	377.6997	315.3385	362.3938	211.0978	264.5339	310.5393	240.0726	209.2738	381.1371	326.7576	365.5837	598.0636	271.8254	442.4774	394.2087	440.8360	418.2125	290.3729	378.8551	228.4241	367.1275	386.3487	408.6149	293.0116	470.8191	313.2463	239.6058	334.6403	323.5923	527.4158	259.4604	412.6483	272.9157	329.2260	399.0552	254.3292	517.7295	285.5089	282.7661	423.6525	344.0014	287.4049	541.8346	293.3148	354.8351	292.2598	355.7685	274.6279	368.5087	367.1060	383.3810
ANKLE1	9.8870	3.6752	2.0747	8.6436	6.2630	3.8545	2.9520	7.2965	6.6593	10.8479	6.5987	5.4299	19.8255	7.2582	4.2250	6.6199	17.1473	6.1444	6.5200	4.1433	7.8771	2.1008	4.0584	3.1359	12.7119	2.4957	0.5388	5.6935	6.9384	2.4115	14.9305	13.5014	6.2109	5.1414	19.4575	5.4732	7.3874	5.9022	3.7969	3.7965	6.1920	36.8469	9.8338	5.2454	24.2764	7.7031	10.6383	6.8166	10.8128	5.4692	7.7160	4.3143	13.3858	5.1447	7.4269	4.1425	5.9227	12.8012
ARHGEF10L	831.4501	706.2560	598.5477	1250.6649	618.7869	697.6565	443.5424	1227.3425	460.5993	931.4771	341.3317	756.5611	1617.7637	484.8485	897.8083	699.3769	781.7615	410.1382	578.3211	473.1649	806.6168	508.4034	745.9416	747.3868	1016.1017	791.1402	764.0179	950.8175	823.0703	687.2645	860.3716	724.5725	495.3185	572.4079	558.3726	1250.8027	465.4070	752.9511	576.1747	766.8945	626.1610	849.7439	886.4435	1206.4444	1140.9897	349.4398	465.9574	2446.4894	829.2319	982.1137	592.5926	828.0431	799.2126	480.3859	884.4190	918.8070	828.5908	446.5361
ARMC6	451.9209	444.6656	496.8465	428.1915	551.1212	670.6271	749.8155	572.1659	309.4340	524.9828	446.8626	561.9729	720.2934	492.7164	428.8355	446.6121	451.2627	474.6390	382.7221	474.8222	413.0721	583.3333	523.5390	713.9129	553.3559	479.7879	768.3283	605.4107	422.3764	569.0852	519.5263	476.1476	417.4961	677.8063	428.0483	618.4687	359.6704	464.5194	587.5605	486.6894	451.2384	789.9602	597.4994	724.9906	492.0635	618.9986	444.6809	484.6149	448.1133	472.6569	438.5309	573.8059	533.8583	408.9904	495.0890	558.3596	526.5224	432.9819
BCO2	154.8964	20.8263	8.2988	18.6170	363.2555	9.6361	99.6310	7.2965	88.7902	75.9356	54.5891	135.7466	17.4465	37.0169	8.4500	56.4642	24.9415	25.3456	24.1239	20.7165	51.9890	14.7059	38.9610	19.8606	29.6610	19.3418	11.3148	21.3507	70.2515	76.5637	55.0563	15.3015	120.3360	12.8535	58.3726	61.6644	56.8263	122.2597	21.3574	10.6302	36.3777	26.7501	64.1536	43.0873	83.0999	27.3109	67.3759	57.9414	75.6898	63.2866	266.0494	36.6718	40.9449	142.7653	32.8021	22.3695	59.5235	36.8976
C14orf129	393.5970	368.7477	349.5851	390.2926	370.1448	938.5600	977.8598	465.0538	408.4351	305.1889	398.9202	298.6425	522.6011	460.1706	540.7975	390.9657	370.2260	360.9831	373.5941	733.3641	509.6495	595.2381	319.8052	343.9024	365.2542	341.2884	956.9082	343.0345	501.3010	442.5019	337.8032	418.5419	330.7299	1306.7695	421.5802	953.4269	364.8245	436.7622	229.7105	444.9506	445.0464	405.2362	324.9824	698.3889	274.5098	1250.0000	363.8298	638.0368	555.1827	381.2820	347.2222	357.7812	331.4961	427.0096	285.9353	417.5642	381.4242	443.5241
C1orf86	357.1328	384.8636	433.6929	317.7327	364.7398	495.2879	557.9926	458.5215	142.8524	367.2464	391.9076	421.8643	649.4766	427.3635	411.5976	390.9424	298.4334	439.6313	206.7221	462.3757	323.3005	323.6765	239.2045	641.8223	497.3305	320.4804	824.0725	397.0707	340.8500	330.5803	420.1170	412.3132	388.6620	539.1088	315.0118	441.0649	311.0271	402.9680	488.2724	422.0957	400.3793	584.6329	520.5104	647.7744	436.4986	560.6443	237.7305	438.8684	444.5377	314.8546	423.7932	489.6333	484.3543	298.6688	396.2742	467.2991	433.7220	326.3404
C7orf28B	137.4765	170.2855	328.8382	442.1543	702.0851	716.9288	404.4280	366.7435	294.1176	276.2611	89.3821	371.0407	706.5821	818.7262	181.6741	683.4112	286.8277	567.5883	526.8134	677.8439	238.6766	341.0364	577.1104	463.0662	551.6949	472.3132	937.5114	383.8380	674.7615	473.8508	458.1805	660.6661	219.7103	693.2305	361.4387	433.1105	44.8927	232.7150	435.6906	593.7737	585.9133	376.2094	72.5825	133.0086	382.8198	1035.7143	654.6099	695.2965	718.4937	272.6792	186.4198	316.1787	444.0945	555.6270	295.2189	430.8202	551.4068	565.5120
CAPN10	302.7307	217.0711	185.6846	330.4521	341.9549	147.4329	200.7380	289.9386	161.3651	302.3902	226.1548	337.5566	406.0270	349.8458	268.5292	237.2625	289.2284	229.7005	160.3912	142.5295	279.7834	158.9636	221.0795	310.1045	445.1525	267.0410	223.0630	287.1763	265.5594	200.1507	388.7909	314.1404	274.8319	135.0043	253.6498	387.6175	229.2201	279.2411	338.4718	244.4951	188.0805	334.0922	367.1271	247.2836	446.3119	110.6443	318.7660	354.4649	347.3975	238.6138	333.1883	294.9245	401.7874	320.4887	276.0885	242.7506	243.2053	279.3675
CARM1	752.8249	653.5778	685.6846	700.1330	1012.1049	958.7959	656.8266	953.9171	443.9512	758.6332	853.6293	761.0860	873.1166	667.7554	707.6842	732.0872	762.2759	625.1920	585.4931	664.5853	647.8929	585.4342	645.2922	974.5645	836.4407	682.5768	846.9930	944.6495	716.3920	844.6119	755.8579	706.5707	667.6708	589.5458	608.4906	806.7459	615.4283	724.2833	888.4670	687.1678	790.2477	939.1007	749.7073	863.2447	737.6284	578.4314	565.9574	717.7914	803.8777	709.4346	769.4444	941.7565	644.8819	717.6849	724.7408	799.5029	815.2647	631.0241
CDK2AP1	1375.7062	1347.5830	1662.8631	1319.1489	1642.1652	2238.4752	2170.4797	1680.8756	1286.3485	1256.9156	1665.2669	1361.0860	1636.0032	1237.5250	1022.4452	1438.8629	1240.8418	1513.8249	1547.1883	2373.2823	1419.0626	2171.5686	1100.6494	2095.8188	1422.0339	1338.3248	3093.2487	1938.1684	1604.5100	2012.3587	1792.5963	1251.1251	1479.7447	3166.2382	1313.6792	1632.1005	1156.9825	1457.8415	1682.9616	1532.2703	1870.7430	1505.4069	1457.7382	1400.1499	1086.8347	2272.4090	1361.7021	1418.5412	1571.9612	1312.6102	1332.7160	1811.4022	1109.4488	1277.8135	1707.5661	1645.4018	1550.2763	1344.1265
CGGBP1	2119.1196	2293.3596	2097.5104	2293.2181	1823.8054	2167.1677	2265.6827	1400.9255	2490.5660	2401.0125	1976.0048	1933.0317	1747.0262	1962.6202	1969.8970	2286.6044	2289.9454	2155.9140	2439.1198	2178.5472	2278.8539	2317.2269	2281.6558	1767.6028	2003.3898	2118.2343	2578.1563	1800.1006	2065.9150	1709.1183	2257.3090	2004.5005	2135.7701	3157.6692	2317.2170	1943.7066	2125.8702	1996.6273	1692.9283	1762.3386	2188.8932	1893.0279	1954.5774	2121.4013	1963.5854	3296.9188	2232.6241	2070.2113	1994.4072	1988.4482	1985.1944	1913.7196	2057.4803	2019.2926	1786.1674	1821.8724	1813.2458	2393.0723
CHCHD8	331.9209	395.0868	540.4564	438.1649	491.6475	754.5097	969.0037	544.1628	407.3252	418.7308	461.9076	480.5430	687.5496	554.5273	483.7602	392.5234	339.8285	463.1336	365.1182	745.7940	491.9260	632.3529	422.8896	542.5087	463.5593	408.6726	986.0033	463.0728	542.0642	681.2359	446.9826	435.6436	416.1297	986.2896	399.1745	823.1654	418.8095	416.5261	479.3545	610.4784	453.5604	615.8224	487.0054	786.0622	463.1186	1051.1204	437.5887	657.8050	512.6771	518.7936	412.9630	499.5378	411.0236	488.7460	545.8765	489.6437	435.0250	415.6627
COQ9	661.4878	540.2583	689.8340	597.7394	966.3848	800.7632	969.0037	593.7020	452.8302	615.4402	346.1308	707.6923	772.4029	561.7855	594.6660	572.4299	566.6407	529.1859	537.2453	773.9685	655.7700	755.6022	593.3442	755.0523	698.3051	583.3723	804.9667	722.1279	662.6193	765.0339	650.4111	536.4536	586.1528	880.0343	479.3632	768.4337	398.9203	633.2209	587.5653	722.0957	583.5913	823.5629	671.0372	767.3286	732.0261	857.8431	677.3050	897.7505	831.0962	697.7148	657.7160	689.0601	608.6614	584.5659	785.3938	664.4573	636.3980	559.4880
COX7A1	227.4011	417.7507	371.3693	172.2074	210.4376	238.0126	576.3838	154.3779	342.9523	256.0116	236.9526	165.6109	191.1182	249.6825	106.6807	411.6044	173.8114	387.8648	201.4670	850.2052	249.7046	506.3025	295.4545	311.8467	133.8983	244.5796	1319.5203	327.3773	90.1995	221.2509	248.2200	153.9154	345.4808	802.9135	325.4717	295.5514	271.0612	272.3440	412.4347	304.4799	303.4056	206.0330	416.2959	426.3769	283.8469	1115.5462	283.6879	161.5542	227.0694	194.5476	346.6049	481.9723	355.1181	191.6399	339.1614	341.3422	272.4459	231.9277
CUL3	1500.4708	1526.4440	1513.4855	1501.9947	1369.0973	1601.5264	1507.7491	1642.0891	2038.8457	1540.4086	2154.1692	1482.3529	1411.5781	1686.8082	1597.0425	1608.2555	1578.3320	1706.6052	1541.9723	1464.2423	1638.0465	1598.0392	1478.8961	1370.3833	1413.5593	1603.4940	1391.7195	1447.5769	1604.5100	1586.7370	1427.7316	1751.5752	1583.7772	1700.0857	1771.8160	1568.6117	2041.7673	1581.7875	1384.4328	1526.9552	1437.3065	1591.3489	1523.7649	1387.7857	1396.8254	1658.2633	1779.4326	1369.4615	1589.4855	1614.9794	1529.0123	1519.8767	1459.0551	1846.9453	1313.9409	1393.5377	1513.8514	1607.6807
CXXC1	778.7194	660.9282	571.5768	584.4415	871.8131	560.8233	663.4686	667.8187	562.7081	737.6605	490.1020	766.5158	898.4933	672.1103	661.2094	676.4019	848.0125	579.1091	553.5452	497.1960	690.8232	572.8291	668.0195	768.2927	800.0000	727.4996	612.6152	841.2173	809.1934	629.9925	938.7568	772.2772	717.3579	414.7386	822.5236	894.3167	538.7129	647.5548	747.0337	625.6644	587.4613	899.2601	878.4828	778.5688	1058.8235	504.2017	754.6099	821.4042	835.9433	688.3391	800.9259	893.3744	951.9685	643.7299	680.1795	694.2833	654.7585	718.3735
DDX10	323.9171	309.3316	297.7178	313.1649	475.3636	344.9738	382.2878	298.0031	309.6559	324.7152	250.1500	355.6561	349.7224	274.3604	336.9422	299.0654	283.7101	329.4931	339.6903	311.5762	346.9870	349.4398	358.7662	323.6934	272.0339	325.6902	314.1202	294.6396	307.0252	347.2494	278.0811	257.4257	225.1448	351.3282	334.9057	253.2255	371.6437	366.7791	289.0365	403.9484	382.3529	349.4593	317.0218	304.6085	309.9907	325.6303	351.0638	363.3265	282.6249	364.8744	331.7901	348.5362	292.1260	295.1768	367.6311	321.4582	318.3471	307.2289
DYNC1H1	10024.0113	10555.8627	6928.4232	8894.9468	10402.2584	3728.2223	3713.6531	9208.1413	8462.8191	11399.7469	10130.1740	9438.9140	7347.3434	7393.9394	8069.7122	10012.8505	10042.0889	8166.6667	10266.3407	4609.8358	7752.2647	6131.6527	11210.2273	8581.1847	8530.5085	10274.8401	3898.7542	9214.9588	7579.3582	8309.8719	8603.7158	7717.3717	8748.0397	3652.0994	7676.8868	3870.6288	9382.5828	8370.1518	9149.9763	8221.7160	10476.7802	6242.4587	8902.8331	4213.9378	8202.6144	3865.5462	9622.6950	8091.3429	7167.4124	8138.1835	8798.1481	9830.2003	8701.5748	10033.4405	9562.1229	9386.0812	10980.4572	9155.1205
ECHDC2	936.9115	540.8708	711.6183	1315.8245	1028.3887	490.4795	460.5166	624.0399	639.2897	1065.9917	584.2831	1085.0679	1015.8604	812.9196	727.7528	808.0218	803.5853	615.2074	513.7734	532.8284	1000.3939	578.4314	639.6104	743.2056	1316.1017	550.9281	398.7117	639.5718	1032.0902	612.5094	1498.6516	1054.0054	957.2535	611.8252	815.4481	672.4707	712.0330	821.2479	677.7409	716.7806	606.8111	795.1053	811.0513	787.5609	1683.4734	466.3866	974.4681	843.8991	1215.1380	818.8188	1012.6543	623.4206	1103.9370	605.7878	861.5194	536.8683	478.2610	823.7952
EDEM2	813.0885	1051.7273	1032.1577	1111.7021	765.9680	1442.5301	1546.1255	1582.5653	732.5194	943.7715	812.8374	1025.3394	1419.5083	1268.0094	1056.2450	884.3458	781.7615	959.2934	922.5754	1645.7188	1081.9220	1362.7451	983.7662	1355.4007	1017.7966	998.9081	1954.7651	1187.0985	1375.5421	1460.7385	1137.5195	943.2943	836.1412	1324.7644	830.1887	2103.8881	996.7325	961.2142	1238.7280	996.2035	982.9721	1330.6773	1187.5439	1653.8029	945.8450	1579.1317	958.8652	1966.5985	1400.8203	1272.7631	817.5926	1122.9584	1011.8110	909.9678	1126.4119	1337.1997	1104.5903	1007.5301
EIF3J	933.1450	885.7296	1177.3859	904.2553	846.1347	1387.6041	1183.7638	1254.2243	1760.2664	911.2276	2014.9970	884.1629	1057.0975	1235.3475	934.7769	941.5888	887.7631	969.2780	948.6553	1307.6255	1079.1650	1055.3221	929.3831	918.1185	1000.0000	935.2675	1469.3066	951.7664	1104.0763	938.6586	969.5511	962.1962	937.0681	1641.8166	1258.8443	1087.3373	1176.8717	994.9410	789.7485	1111.6173	1038.6997	975.5265	920.6275	970.7756	844.0710	1583.3333	996.4539	1089.9796	975.0186	1000.0840	904.0123	940.5239	916.5354	1183.2797	1076.8993	1074.5650	925.1314	1061.7470
EIF3M	1363.3286	1400.7084	1849.4710	1559.0492	1950.7256	2527.4245	2447.0554	1672.3810	1659.2009	1473.7010	1620.1560	1402.6425	1911.8160	1617.6955	1851.5131	1366.2383	1249.3063	1399.8541	1632.5216	2413.6132	2012.7609	2060.8263	1389.4886	1598.1951	1421.8390	1553.4987	2288.0989	1654.8589	1872.3591	2122.5200	1389.3601	1521.0171	1492.8109	3609.8800	1497.5649	2213.2641	1523.9040	1555.4469	1417.6080	1868.4586	1489.0015	1748.9072	1607.8436	2220.2286	1336.8908	2925.6513	1692.0993	1970.5453	1779.0380	1928.1854	1392.1543	1592.7982	1362.0394	1516.9582	1621.9774	1561.6239	1406.2501	1581.8901
ENC1	1144.5621	994.6081	1050.8299	1054.6875	1558.7605	715.9652	891.3210	660.2880	669.8224	1175.9248	1104.3191	982.6335	870.4282	854.2914	588.1701	1052.4766	1227.2253	323.2642	826.7319	309.9189	820.2915	651.2465	972.1672	828.1150	778.1102	933.6453	869.5149	1516.9287	1256.7216	1210.3331	981.3835	1459.7570	916.0365	1086.5467	865.7370	444.3853	424.9865	660.7167	423.1087	871.4579	1306.3622	748.3552	1418.1597	352.5665	1479.7759	903.1653	1092.0993	652.8494	1044.1424	714.7241	959.4753	1196.2804	1006.7717	787.0740	692.2172	1102.7341	710.6218	951.7093
ESYT1	3109.6987	3527.6048	2868.2573	3271.2766	3576.8137	2886.9874	2374.9077	5660.1382	2711.4317	3330.3200	3069.5861	2968.3258	4411.5781	3322.0831	3381.0404	3665.4984	3287.6072	3011.5207	3402.1190	3255.8053	3471.8393	3471.9888	4236.2013	3978.0488	3391.5254	4242.0839	4053.9285	4057.5804	3319.1674	3835.4182	3246.4563	2728.1728	2571.3088	3421.5938	3070.7547	4743.0527	3272.6240	3182.1248	3802.5629	2950.6454	3695.8204	3903.8133	3953.6408	4529.7864	3169.9346	3507.0028	2823.4043	6680.9816	2826.6219	4000.3360	2711.1111	4341.1402	3088.1890	2832.7974	3448.5533	4429.9917	4332.1856	3063.2530
FAM164A	728.3427	393.2492	290.4564	407.5798	493.5264	292.9386	707.0111	172.8111	568.2575	498.2824	290.3419	492.3077	300.5551	365.8138	397.1481	446.6511	438.0359	393.2412	444.6618	393.6135	487.9874	355.0420	452.9221	304.1812	306.7797	458.5868	441.2769	249.0914	388.5516	329.1635	403.1242	320.4320	534.1366	535.5613	433.3726	469.9632	371.0754	555.6492	234.4566	329.5368	422.6006	232.2140	351.6741	437.9918	424.8366	614.8459	453.1915	378.3231	563.7584	384.4073	783.0247	362.4037	456.6929	558.1994	298.9324	309.0307	369.8749	458.5843
FAM3C	1131.3559	1014.3625	823.6515	1024.6011	1151.7703	776.6728	1263.4686	711.2135	1099.8890	939.4323	1246.5507	1017.1946	991.2768	1071.3119	703.4592	985.2025	1094.3102	1034.5622	1112.3064	1173.3826	1138.2434	1082.6331	1031.6558	847.7352	811.0169	859.7723	1368.5511	801.8371	882.0468	974.8304	903.2968	769.5770	1151.3439	1763.4961	898.5849	908.1820	987.6403	1032.0405	885.6194	888.3827	1074.3034	947.0689	1261.0630	971.1502	986.9281	1608.5434	1115.6028	717.7914	1126.3982	800.0672	1187.3457	1074.2681	971.6535	1045.6592	747.0215	1014.9130	924.5392	973.6446
FBXO28	940.6780	997.2114	1009.3361	899.6011	762.2102	910.6152	845.0185	945.0845	1150.9434	886.6389	1184.1632	866.9683	712.1332	963.1646	993.9266	1022.9751	971.9408	1071.4286	1041.2388	943.0151	1103.9779	1117.6471	965.0974	724.0418	886.4407	961.4725	872.8554	799.4648	1124.0243	1085.1545	966.7516	1050.4050	978.9917	1054.8415	988.2075	953.4269	1087.0862	963.7437	700.5221	930.1443	988.3901	863.4035	758.1363	952.7913	837.5350	1112.7451	1077.3050	789.3661	1064.5041	869.6043	933.9506	903.5439	825.9843	1045.6592	770.5400	816.9014	928.6851	1114.4578
FUNDC1	182.2034	159.2598	221.9917	177.5266	256.7840	291.9750	329.8893	147.4654	165.3718	182.2455	137.9724	199.0950	189.5321	199.6008	219.6990	214.1745	146.5316	174.3472	206.0310	237.8254	242.6152	245.7983	173.7013	202.7875	185.5932	167.2126	343.7542	206.3900	149.1761	245.9683	184.7653	169.2169	185.5504	399.3145	147.9953	212.7240	132.4052	146.7116	119.1267	154.8975	184.9845	225.9533	236.9469	279.1308	154.9953	352.9412	215.6028	188.8207	254.2878	233.6134	232.0988	202.1572	174.8031	147.2669	162.7727	210.4391	185.3817	187.5000
GPM6B	862.9944	667.6661	418.0498	468.7500	388.3076	380.6275	537.2694	198.9247	619.3119	584.3428	637.0726	633.4842	283.1086	488.4776	292.5799	600.4673	657.8332	436.2519	794.7840	665.4140	630.1694	654.7619	717.5325	231.3589	172.8814	663.8590	753.7807	404.2398	455.3339	482.8937	480.5763	594.0594	834.5885	844.0446	554.2453	369.9866	633.0445	652.6138	635.5007	497.3424	426.4706	303.9271	562.3976	816.0360	515.4062	1147.7591	453.9007	260.3954	561.5213	389.8765	694.4444	824.6533	557.4803	609.6463	473.4643	589.8923	412.5186	573.0422
GPN1	587.9237	509.2026	610.9959	602.9987	655.5258	967.4684	1140.9594	655.0384	663.7070	590.1284	582.7355	551.1312	669.3101	540.9472	623.9979	609.5989	555.7288	579.1091	631.7848	952.9590	623.9149	817.9272	590.0974	609.5958	570.9831	554.6717	1104.8518	647.6377	624.4579	727.6564	573.2016	597.3717	612.8053	1213.3676	635.7134	880.8162	561.3809	639.1231	527.2900	598.3295	602.1672	743.3125	627.4877	820.5320	547.1522	1362.7451	645.1064	696.6599	671.6219	685.9951	612.7160	636.3636	613.0000	586.4952	598.7127	646.2303	596.4196	650.6024
HEXDC	213.7900	182.5362	309.1286	359.7939	347.5979	265.9574	263.4686	212.3656	192.0089	345.6879	173.9652	411.7647	485.3291	339.0165	305.3076	340.3621	243.9595	246.5438	174.7351	150.8161	315.4943	200.2801	246.0227	347.7352	545.0000	191.5458	216.5975	303.6638	321.7693	229.0882	482.4986	432.0432	402.9315	227.0780	343.1604	396.9876	184.7081	280.7757	326.5306	223.2346	238.3901	265.7940	327.7921	436.8752	471.5219	242.2969	348.9362	320.3817	356.1074	382.8447	390.4475	307.8798	458.2677	234.7267	323.0698	204.6396	259.7357	286.1898
HMBOX1	137.9473	135.3708	57.0539	121.6755	118.9975	60.7077	61.9926	90.6298	137.6249	158.3800	170.3659	62.4434	89.6114	82.7436	109.8495	123.0530	111.4575	52.2273	181.9071	54.6916	136.6680	77.7311	97.4026	59.9303	86.4407	149.7426	64.1172	70.6945	117.9532	69.3293	149.3053	128.7129	101.7033	38.5604	160.3774	55.4615	130.7004	104.5531	81.1580	52.3918	128.4830	62.0376	78.6701	38.9659	129.7852	61.6246	90.0709	102.2495	95.4512	151.5752	118.8272	89.6764	140.1575	140.1929	108.3088	83.6785	116.0856	158.8855
IMP4	345.5744	371.1979	453.3195	371.6755	440.9170	526.1332	590.4059	685.4839	276.3596	391.2493	430.7139	412.6697	622.5218	459.4447	378.1357	344.6262	302.4162	344.0860	327.3024	601.6072	380.4647	469.8880	360.3896	579.4425	435.5932	408.0487	657.3356	481.5767	435.3859	476.2622	366.7311	311.4311	362.5608	551.8423	304.8349	630.1448	389.2598	378.5835	429.9953	564.1610	390.0929	687.5356	469.2110	657.9243	350.1401	616.9468	361.7021	651.6701	450.0373	457.8510	351.8519	464.7149	377.9528	419.9357	474.7022	490.4722	497.2137	287.6506
INTS2	338.9831	316.0695	219.9170	300.5319	306.2619	189.8319	278.2288	264.2089	320.7547	307.3585	197.3605	263.3484	243.4576	227.9078	285.1862	316.5888	291.5043	231.1828	337.7343	151.6448	313.9031	296.2185	292.2078	243.5540	299.1525	302.6049	183.7307	228.6896	312.2290	226.0739	293.9447	285.3285	303.5573	222.7935	344.3396	210.8996	190.3679	322.9342	214.0484	214.1230	359.1331	220.8310	265.0433	229.6740	299.7199	251.4006	319.8582	311.5201	259.1350	315.6515	311.4198	297.3806	291.3386	306.7524	259.3223	232.8086	290.2141	343.3735
IP6K1	1727.4011	1356.1585	1450.2075	1328.4574	1418.5752	1315.3330	1153.5055	1748.4639	947.8357	1460.8570	1336.5327	1553.8462	1360.8247	1291.2357	1313.9688	1580.9969	1569.7584	1438.5561	1343.7653	1320.8841	1272.9421	1338.9356	1505.6818	1720.2091	1500.8475	1369.5211	1489.7810	1738.4208	1359.9306	1348.6059	1574.2374	1483.3483	1540.3009	1087.4036	1317.2170	1393.8350	1199.0340	1489.8820	1438.0636	1590.7365	1561.1455	1577.1201	1628.1901	1631.6973	1605.9757	1399.8599	1314.8936	1218.8139	1458.2401	1221.9776	1612.9630	1834.2065	1523.6220	1455.9486	1382.6396	1487.9867	1674.0614	1253.7651
ITGAE	389.3597	278.0921	402.4896	1091.0904	332.5666	331.4832	511.4391	1301.4593	541.6204	715.2414	178.1644	192.7602	1152.2601	834.6942	965.4080	300.2336	657.0538	181.2596	343.6023	496.3674	775.8960	464.2857	359.5779	407.3171	400.0000	496.6464	504.3165	413.7290	744.1457	829.5403	180.0995	350.1350	171.5759	1095.1157	417.4528	1238.3969	398.9203	296.7960	192.2164	1236.1427	163.3127	394.9915	236.0103	1070.8130	507.9365	546.9188	238.2979	2263.1220	768.0835	843.0396	243.2099	275.5008	350.3937	449.5177	454.8971	874.8964	790.6853	414.1566
KIAA1430	1053.6723	1038.2514	931.5353	988.6968	937.5749	1153.4459	1112.9151	914.3625	1398.4462	1066.7149	947.8104	986.4253	662.1729	1001.6331	891.4708	1044.0031	932.1902	1032.2581	1223.7979	918.9840	981.0949	1144.2577	1123.3766	928.2230	981.3559	908.4386	928.8906	814.6475	908.9332	864.5064	953.6874	987.3987	975.1099	1135.3899	901.5330	669.9165	1083.6767	1129.0051	682.9616	859.5292	1210.5263	673.8759	698.6654	783.8142	741.3632	1423.6695	1192.9078	565.7805	825.1305	971.1753	983.9506	844.0678	841.7323	1117.0418	804.5799	782.9329	1146.3456	1109.1867
LAMA1	52.2599	39.8150	15.5602	25.2660	55.7409	12.5270	19.1882	24.5776	9.9889	27.4815	26.3947	19.9095	34.8929	25.4037	59.1497	44.3925	28.0592	31.4900	50.2037	20.7165	31.9023	36.4146	33.2792	115.6794	38.9831	26.8289	29.6340	90.6218	21.6826	29.5403	46.6579	27.0027	33.3835	6.8552	28.3019	38.6771	29.5497	21.9224	54.5800	8.3523	20.1238	60.3301	40.2716	28.8498	10.2708	14.0056	62.4113	41.5815	29.8285	62.5052	57.7160	10.1695	133.0709	26.3666	27.2319	32.3115	50.6394	70.7831
LRP1	20748.1168	27052.1162	7964.7303	16363.6968	17371.7528	5841.4277	3803.6900	28258.0645	12236.4040	18930.3923	13328.1344	9944.7964	16068.1998	14914.1717	16806.9712	14483.2555	19894.7779	9843.3180	16730.8883	7686.6505	15209.9252	8971.9888	20649.3506	22128.9199	14231.3559	20697.5511	8812.6068	25066.1871	13121.4224	12878.9751	20332.5775	15247.5248	11971.4920	4666.6667	12212.8538	13549.0250	19640.8581	11571.6695	27604.1766	14779.0433	14749.2260	9702.3335	13914.3058	13617.0851	15999.0663	4742.9972	8257.4468	27432.1745	11073.8255	17694.4548	12205.5556	19420.9553	12886.6142	11119.6141	14669.3486	18188.8981	27231.8537	12633.2831
LRRC59	1607.0480	2116.1402	2137.8631	1797.6130	2281.8894	3274.4372	2441.9114	4796.6359	2348.3685	1838.7778	5267.1086	2097.5656	2471.2450	3277.1766	2172.5165	1814.4743	2029.4466	3154.8541	1830.1027	2569.8074	2011.8551	2439.7129	2038.7094	2727.9059	2179.4661	2090.6130	3218.2718	2241.1584	2841.3964	2844.7626	1871.3642	2314.5815	2326.0562	2309.6315	2239.6108	3285.4552	4342.7816	2161.3238	2757.3280	2460.5087	2446.3467	2342.3392	1648.5788	2420.5695	1648.7862	2670.1050	2147.2837	2111.4928	2151.0887	2023.4043	1778.8920	2141.8305	1812.2283	3418.2444	2062.5468	2356.7026	2705.7044	2204.6837
MAP7D2	61.6761	1.8376	3.1120	6.6489	113.9871	2.8908	25.0923	3.4562	1.1099	27.4815	12.5975	18.0995	4.7581	15.2422	4.2250	11.6822	3.1177	2.3041	12.3879	6.6293	10.6341	2.8011	4.0584	1.0453	4.2373	5.6153	5.9268	11.8615	6.9384	48.8320	38.2595	1.8002	15.5272	12.8535	11.7925	13.1356	19.8892	16.8634	3.3223	3.0372	16.2539	10.8139	14.0482	2.2480	27.0775	7.7031	14.8936	14.9966	24.9814	14.0637	83.3333	6.1633	4.7244	61.0932	1.2378	11.5990	8.5880	2.2590
MDP1	159.3267	136.4489	164.5643	164.8604	151.8408	209.4704	296.0074	139.5968	106.8036	150.6852	118.7043	139.6742	250.4600	145.2005	183.7972	141.2422	116.8277	134.9386	132.2054	329.5581	173.8165	208.4944	143.2224	170.2091	160.6864	111.2401	357.4828	152.2304	136.3487	167.4574	140.1417	139.6850	144.8613	417.3950	170.2358	310.3326	111.0215	175.5143	144.5325	151.2225	113.0805	175.6858	184.6078	276.7329	176.8721	375.5322	170.8156	219.0593	186.6219	194.5085	174.4444	169.2173	161.8898	130.1029	156.8312	163.1980	138.5802	153.7726
MEA1	771.1864	644.3897	900.4149	623.6702	899.3704	1057.0845	1426.5535	729.9962	573.8069	670.4032	569.2621	788.2353	1018.9770	780.2577	706.6279	724.2757	581.3952	779.5699	571.1100	1201.5073	827.0973	824.2297	656.6558	818.1185	730.4661	653.2210	1414.8878	783.8076	757.1552	918.1613	641.0795	609.3609	626.4848	1562.1080	630.8962	1072.0124	662.5941	771.4671	775.5102	712.9841	767.8019	977.2339	873.2615	1167.8419	777.7778	1450.2801	758.8652	937.2870	816.5548	749.2817	805.2469	860.0924	704.6457	641.1318	800.8417	901.2345	725.5352	677.6280
MEAF6	1458.0979	1025.3882	1225.1037	1186.8351	1375.9866	1211.2627	1892.9889	1107.9109	1497.2253	1314.7713	1586.0828	1482.3529	1118.9532	1445.1098	1109.0573	1415.4984	1139.5168	1504.6083	1135.1263	1420.3233	1352.5010	1378.1513	1072.2403	946.3415	1139.8305	1110.5912	1209.0664	999.6869	1316.5655	1334.1372	1184.1774	1043.2043	1479.7447	2107.9692	1143.2783	1401.1326	1446.2282	1526.1383	1121.0252	1319.6659	1351.3932	1212.8628	1205.3383	1343.5744	1241.8301	2018.9076	1365.2482	1207.9073	1470.9172	1175.8800	1638.2716	1159.3220	1179.5276	1457.8778	1129.5064	1162.3861	1016.9338	1201.8072
MED20	332.3917	278.7047	403.5270	303.8564	356.9924	338.2285	369.0037	299.5392	220.8657	318.2065	217.1566	249.7738	301.3481	248.2308	309.4798	305.2960	268.1216	228.8786	266.6667	383.6696	318.6294	326.3305	316.5584	319.5122	319.4915	242.7078	431.5785	367.2319	261.9254	406.9329	265.0168	277.2277	241.4484	477.2922	257.6651	272.9290	168.7740	284.1484	264.8315	356.8717	316.5635	363.6881	341.3720	267.1413	267.0401	458.6835	294.3262	291.0702	372.1104	300.8065	305.2469	363.9445	246.4567	272.0257	277.8895	338.8567	291.1025	270.3313
MME	2632.2976	2249.8511	1389.0041	2771.2766	469.7269	764.1459	1701.1070	1802.9954	2835.7381	2391.6109	3261.5477	2681.4480	2009.5163	2536.0189	453.1291	1507.0093	1928.2931	2124.4240	3296.4955	1974.6969	2507.2863	2490.1961	1945.6169	2090.9408	698.3051	3287.4747	1845.3888	2770.8454	2805.7242	1801.9593	3223.1274	3223.2223	1354.7506	1467.0094	3422.1698	2167.3770	3775.5363	2347.3862	2209.7769	1773.7282	1736.0681	1308.4804	2887.3800	4501.6860	2367.8805	3598.7395	2243.9716	3488.0709	2607.7554	1670.4528	2078.0864	2682.5886	2072.4409	1978.1350	1948.9401	2710.8534	1771.4905	1220.6325
NCF4	382.7684	481.4547	469.9170	494.0160	260.5418	1280.6429	674.5387	1088.7097	367.3696	448.3818	383.3233	356.5611	938.1443	608.9639	556.6411	332.5545	339.0491	321.0445	352.7302	717.6196	714.4545	600.1401	436.6883	611.4983	611.8644	521.6035	1031.8013	625.8125	604.5100	522.6827	558.9616	573.3573	308.9918	616.1097	659.7877	1648.5201	532.4620	489.0388	626.0085	624.1458	304.1796	932.8401	417.7008	932.1843	447.2456	518.9076	256.0284	1444.4444	502.2371	821.1627	294.4444	366.4099	522.0472	378.7781	597.8648	629.6603	667.1963	553.4639
NFS1	358.2863	327.7077	381.7427	321.8085	363.2555	347.8646	281.9188	296.0829	305.2164	350.0271	210.5579	344.7964	347.3434	277.9895	307.3673	317.3676	253.3125	274.9616	292.0945	356.3238	369.4368	257.0028	242.6948	343.5540	350.8475	287.6306	289.3354	296.0629	343.4519	281.5373	343.4021	299.7300	297.3464	317.9092	341.9811	336.4178	286.9726	315.3457	328.4290	351.5566	287.9257	321.0017	337.1576	348.0704	375.3501	327.7311	375.8865	411.7246	340.0447	370.3436	339.8148	343.6055	347.2441	342.7653	373.8202	296.6031	277.4802	365.2108
NR2F2	2158.6629	2260.2642	1184.6473	1269.9468	1587.0506	675.4934	1064.2066	445.0845	946.7259	1902.7301	419.9160	1272.3982	1148.2950	477.5903	880.9084	1959.8910	1886.2042	1141.3210	1852.9747	883.3516	1855.4549	1432.7731	2210.2273	1339.0244	1084.7458	1954.1413	1702.0680	2368.9779	585.4293	1012.2080	1701.1469	1199.8200	1346.2106	1359.8972	1558.3726	624.6716	546.1003	1198.9882	1199.8102	1076.6894	2328.1734	1360.2732	2150.3161	1541.0266	1674.1363	1258.4034	1069.5035	897.7505	1234.1536	897.7316	2084.8765	2950.0770	1496.8504	760.7717	1232.2451	2140.0166	1481.8687	1177.7108
OSBPL1A	1160.0753	1329.2069	863.0705	1150.2660	965.1322	817.1446	1051.6605	827.5730	1254.1620	1100.7051	983.2034	1172.8507	813.6400	984.9392	861.8960	1241.4330	1228.3710	1139.7849	1609.1280	946.3298	1151.2406	1406.8627	1408.2792	1048.7805	803.3898	1078.1469	1054.9697	1003.9570	1091.0668	1033.9111	1009.6768	1110.7111	1221.2164	1046.2725	926.8868	1142.7988	1247.9045	1053.9629	980.0664	1088.8383	1258.5139	716.5623	970.2646	1312.4766	1085.9010	1289.9160	1163.8298	1185.4124	1100.6711	1215.7271	1028.3951	1187.0570	950.3937	1070.7395	1071.3291	1022.3695	1121.4701	1099.3976
OSBPL5	785.7815	682.9796	701.2448	674.2021	640.0812	305.4656	508.4871	684.7158	490.5660	765.8651	720.4559	645.2489	685.1705	507.3489	451.0166	887.0717	716.2899	598.3103	610.2689	438.3612	546.2781	564.4258	609.5779	878.7456	677.9661	673.2179	690.2023	770.5228	448.3955	470.8365	868.7700	725.4725	680.0925	406.1697	849.0566	549.1418	533.5985	731.0287	885.1448	623.3865	868.4211	575.4126	986.6542	724.9906	744.1643	405.4622	695.7447	353.1016	503.3557	494.5728	744.4444	1087.2111	804.7244	632.7974	743.3081	733.2229	815.2647	521.0843
PHC1	552.9896	504.0940	332.5830	479.7939	736.6758	320.1800	316.7970	299.4547	448.8457	599.2117	582.9514	536.3710	401.2133	482.7654	375.2205	532.9283	475.1130	493.9324	500.3619	363.4752	469.7322	510.6793	542.3864	450.7038	578.5169	520.8173	312.5954	478.1559	461.3617	463.7046	643.8510	591.7552	620.6698	248.4147	592.4646	336.8921	605.9327	467.6307	469.4020	428.4282	485.9211	364.3256	511.3276	373.2784	609.1410	357.8011	545.5957	379.7478	537.3117	479.6731	640.6574	560.0524	625.0157	531.4405	436.7755	313.0986	520.9580	513.8102
PHTF2	582.8625	501.0559	318.4647	525.9309	341.3349	634.0580	515.1292	441.2442	629.3008	554.6917	614.8770	258.8235	540.8406	716.3854	575.6536	419.0031	395.1676	360.9831	444.0098	553.5449	601.4179	461.4846	488.6364	390.5923	587.2881	414.9119	588.9080	424.6415	571.5525	440.0904	449.7821	543.6544	493.7658	544.1302	510.0236	776.8259	479.6136	515.1771	383.0090	373.5763	445.8204	469.5504	394.2871	393.7804	404.2951	602.9412	509.9291	692.5699	457.8673	443.7873	399.3827	372.2650	388.1890	451.4469	378.1526	421.7067	483.5914	701.8072
PIK3C3	523.5405	502.8935	413.9004	561.8351	479.1214	463.4983	533.5793	426.2673	622.6415	519.2551	437.9124	422.6244	471.8477	391.2176	530.2350	500.3894	491.8161	394.0092	620.0489	470.6789	543.5211	523.8095	512.9870	449.1289	407.6271	567.7741	476.2989	469.7152	499.5663	502.7882	488.9747	470.7471	408.3661	513.2819	613.2075	490.7613	489.2740	441.8212	410.5363	425.9681	477.5542	452.4758	456.5675	464.9682	408.9636	481.0924	569.5035	608.0436	488.0686	557.0780	520.0617	485.6703	445.6693	551.7685	479.6534	471.4167	538.9690	537.6506
PIPSL	217.0433	120.0574	167.0124	113.6968	155.9493	217.7767	222.8782	129.8003	137.6249	104.1403	280.1440	207.2398	121.3323	195.2459	194.3491	151.0903	176.9291	221.1982	151.9152	130.0996	104.7657	240.1961	144.4805	113.9373	161.0169	101.7002	130.3895	171.2800	114.4840	114.5441	176.3668	108.0108	192.5376	155.0985	114.3868	121.1396	166.5009	212.4789	178.9274	135.9150	188.8545	219.1235	124.5610	120.6444	108.3100	196.0784	135.4610	131.5610	117.0768	128.1358	195.6790	125.4237	125.9843	143.4084	188.7668	197.1831	135.9268	112.9518
PLCD3	561.6761	690.9426	477.1784	496.0106	739.0370	178.2686	479.7048	313.3641	230.8546	634.2434	439.1122	588.2353	401.2688	608.2381	337.9984	746.1059	548.7140	597.5422	393.8060	251.0840	397.0067	520.3081	631.4935	493.3798	487.2881	498.5182	457.4409	912.8607	442.3244	444.9133	421.7874	511.2511	610.2200	316.1954	521.8160	287.5241	417.6730	536.2563	742.7622	491.2680	561.1455	467.8429	810.5830	492.3192	546.2185	376.7507	454.6099	389.9114	640.9396	355.4986	603.7037	863.7904	710.2362	571.0611	549.5900	653.6868	495.1408	344.8795
POC1A	51.3183	36.1397	51.8672	35.9043	82.0456	78.0527	99.6310	91.0138	29.9667	58.5789	65.3869	49.7738	85.6463	60.9690	47.5310	41.2773	25.7210	40.7066	34.5558	101.9252	71.2879	57.4230	45.4545	51.5679	63.5593	37.4357	112.0703	73.5413	84.9957	96.4582	55.9895	63.9064	52.7926	115.6812	35.3774	79.9083	51.1436	72.5126	50.3085	42.5209	63.4675	128.0592	66.0267	57.3248	32.6797	67.2269	34.7518	109.0661	57.7927	39.8471	55.2469	53.3128	48.0315	55.3055	59.4151	69.5940	45.6051	46.6867
POLR3G	35.7815	45.3278	34.2324	61.8351	50.7305	85.7616	42.8044	26.8817	64.3729	28.2047	45.5909	38.9140	44.4092	53.7108	31.6874	39.3302	39.7506	82.1813	52.1597	43.9190	71.2879	77.0308	51.9481	25.0871	60.1695	44.2989	26.4012	30.3654	70.2515	27.1289	75.5858	52.2052	45.0290	27.4207	56.0142	58.7454	49.4388	27.8246	43.1894	18.9825	29.4118	58.0535	32.3109	46.4593	59.7572	27.3109	45.3901	45.6714	68.6055	53.9108	45.3704	29.5840	59.8425	70.0965	24.7563	33.1400	27.2446	78.3133
PPP1R3F	105.4614	91.8807	71.5768	78.4574	78.2878	74.1983	76.7528	62.2120	64.3729	101.9707	68.9862	88.6878	61.8557	75.4854	54.9247	91.9003	84.1777	106.7588	51.5077	49.7196	83.1036	46.2185	56.8182	86.0627	65.2542	69.8799	101.8331	89.6729	77.1899	57.8749	102.6474	72.0072	122.6651	62.5536	93.7500	83.1922	107.4016	101.1804	88.7518	63.0220	82.0433	77.4047	87.5673	88.4226	101.7740	70.7283	63.8298	47.7164	96.1969	47.6603	125.9259	93.3744	97.6378	116.3987	56.3206	75.3935	107.2015	89.6084
PSME3	1533.8983	1621.9999	1772.8216	1582.4468	1643.4178	2314.6007	1608.8561	2806.0676	1765.8158	1489.7848	2538.6923	1647.0588	1862.8073	2165.1243	1683.6546	1619.5483	1696.8044	2044.5469	1714.0994	1798.1923	1647.1052	1891.4566	1607.9545	2045.2962	1744.0678	1619.0922	2007.5674	1858.9336	2078.9245	2028.0332	1670.3526	1900.0900	1667.6242	1886.0326	1798.9387	2099.5096	2236.6813	1803.5413	1882.2971	2020.5011	1993.0341	2074.5589	1573.4020	1835.8936	1411.7647	2007.0028	1821.2766	1843.2175	1670.7681	1678.2659	1462.0370	1749.4607	1543.3071	1965.2733	1650.0077	1869.9254	2003.9579	1711.5964
RAB12	1258.0038	1136.8700	1554.9793	1193.4840	1034.6518	1244.9892	1619.9262	791.4747	1583.7958	1027.6623	1158.3683	1230.7692	943.6955	1066.2312	1242.1442	1399.1433	1017.1473	1276.4977	1362.6732	1589.3699	1383.2217	1369.0476	1056.0065	1072.8223	976.2712	1136.7961	1179.4324	797.0925	1080.6592	1132.7807	1309.2205	933.3933	1219.6637	1643.5304	1244.6934	1230.3695	966.6146	1216.6948	947.7931	1142.7487	1171.0526	840.0683	1285.8815	1284.7508	1060.6909	1822.8291	1482.2695	1100.2045	1382.5503	1385.2726	1407.0988	1040.3698	1296.0630	989.0675	1187.6837	1057.9950	1062.5389	1460.8434
RCN3	297.0810	301.9811	112.0332	193.4840	395.8232	204.2862	214.7601	329.8771	184.2397	245.1636	166.1668	113.1222	510.7058	198.8750	151.0430	206.3863	300.0779	170.5069	198.8590	144.1868	274.5175	323.5294	173.7013	567.9443	258.4746	151.6144	643.3268	531.8695	209.8873	179.6534	250.0863	221.4221	208.8412	329.9057	212.8538	176.9660	194.3458	135.7504	580.9207	185.2696	243.0341	212.8628	134.8630	240.9142	249.2997	227.5910	120.5674	198.3640	161.4467	114.0721	196.2963	381.8182	262.2047	111.8971	207.9530	405.9652	322.4930	143.8253
RDBP	1177.8625	847.8135	987.5519	842.2473	1531.8044	1142.7112	2105.3875	1011.8126	803.3296	987.8865	975.2789	1326.6968	1175.2577	1084.2098	955.9018	985.4050	783.1177	1051.4593	839.1198	1507.3326	1089.7125	1056.7227	872.1023	1001.9059	954.8644	865.2504	1698.5659	1067.4255	928.8812	1245.9925	968.6179	933.1503	1190.6200	1855.7669	1030.6604	1479.4647	1080.9660	1294.2664	1096.7774	894.4571	985.6192	1114.8207	1190.1803	1578.0592	1142.6331	2056.6667	997.0284	1001.8746	1185.3095	1074.9262	1460.3735	1183.5439	1089.5906	1244.3730	994.3370	1054.6810	1063.2200	895.8886
RNF170	594.1620	472.8791	525.9336	588.4309	490.3949	603.2223	707.0111	344.8541	503.8846	578.5572	362.3275	569.2308	504.3616	497.9133	536.5725	511.2928	503.5074	495.3917	511.8174	541.9437	531.7054	549.0196	517.8571	438.3275	542.3729	476.0568	528.5624	492.9638	579.3582	485.3052	566.4268	507.6508	659.1308	766.9237	500.0000	476.5310	414.8317	569.1400	412.4347	412.3007	537.1517	406.9437	498.7122	547.7707	596.6387	693.9776	612.0567	462.1677	644.2953	512.5430	583.6420	493.9908	586.6142	520.9003	533.4984	421.7067	446.5743	626.5060
ROGDI	709.9812	475.3293	561.2033	579.7872	761.5839	426.8810	811.8081	807.2197	299.6670	587.2356	419.9160	707.6923	1181.6019	794.0483	612.6221	455.9969	446.6095	443.1644	381.4181	583.3767	626.6247	516.1064	427.7597	691.9861	613.5593	569.0220	606.6884	581.2133	686.0364	684.2502	648.5447	620.1620	586.9292	645.2442	464.0330	965.4679	477.9088	633.2209	700.0475	656.0364	465.9443	683.5515	761.4142	674.7846	761.9048	607.8431	465.9574	962.5085	884.0418	621.9272	630.8642	646.8413	543.3071	548.5531	578.0597	724.9379	560.2909	475.1506
RPL39	354.5198	276.8671	587.1369	403.5904	462.8376	686.0931	1171.2177	196.2366	250.8324	433.1947	356.3287	402.7149	661.3799	418.7988	547.1349	391.7445	299.2985	437.0200	320.1304	943.0151	661.6778	498.5994	225.6494	336.2369	472.8814	288.8785	976.3049	212.0835	514.3105	455.1620	383.5279	476.1476	378.0880	1694.9443	370.8726	702.7556	282.9947	466.2732	213.5738	307.5171	371.5170	339.7837	320.2997	846.0097	387.4883	1371.8487	326.9504	476.4826	750.9321	480.5091	433.6420	294.6071	403.9370	304.8232	360.8231	421.7067	227.1369	486.4458
SAMD5	352.1657	706.2560	338.1743	325.1330	182.8803	124.3062	266.4207	133.2565	497.2253	347.8575	338.9322	304.0724	194.2902	253.3116	200.6866	481.3084	431.8005	403.2258	561.3692	203.0217	371.0122	471.2885	418.8312	415.6794	297.4576	449.2279	398.1729	348.7280	169.1240	262.2457	421.7874	306.9307	412.2479	348.7575	699.8821	130.2615	157.9770	256.3238	432.3683	315.1101	481.4241	258.3950	610.1616	143.4994	277.3109	329.1317	519.8582	190.8657	227.4422	357.8426	408.6420	580.8937	349.6063	174.2765	289.0299	430.8202	291.9909	516.5663
SGIP1	242.4670	153.1344	116.1826	100.3989	72.0248	56.8532	63.4686	49.9232	182.0200	143.9161	144.5711	111.3122	26.9627	85.6469	54.9247	131.6199	167.5760	86.7896	182.5591	111.8691	168.9642	110.6443	170.4545	121.6028	105.0847	195.2893	108.8375	208.2879	48.5690	39.7890	331.2711	107.1107	114.9015	68.5518	204.5991	72.6108	138.0878	139.1231	143.3318	113.8952	88.2353	54.0694	106.2983	120.2698	156.8627	82.6331	101.4184	66.1213	113.3482	106.2589	176.8519	153.4669	143.3071	93.2476	90.3605	71.2510	137.7036	220.6325
SIPA1L1	1275.4237	1294.2922	997.9253	1060.5053	1198.7430	622.4946	729.8893	1255.7604	1033.2963	1412.4028	1291.5417	1131.2217	873.9096	1075.6668	1330.8688	1270.2492	1318.7841	1218.1260	1367.2372	543.6010	930.2875	1065.8263	1189.1234	1106.2718	1124.5763	1148.6508	480.6093	1214.1427	1167.3894	1351.0173	1296.1563	1337.5338	1273.2326	444.7301	1098.4670	696.9175	1557.6076	1147.5548	1264.8315	1148.0638	1294.1176	1200.3415	1059.7050	579.6178	1065.3595	612.0448	1228.3688	790.0477	1189.4109	1105.5616	1193.2099	1137.4422	1086.6142	1491.9614	1055.2375	995.8575	1357.1951	1163.4036
SLC16A14	75.3296	230.9267	64.3154	70.4787	129.0183	81.9072	108.4871	41.4747	108.7680	114.9882	52.1896	56.1086	94.3695	41.3718	81.3309	149.1433	113.7958	82.1813	100.4075	30.6604	216.6207	326.3305	107.1429	93.7282	134.7458	79.8627	83.5139	205.9156	52.9055	88.6209	348.0679	122.4122	83.0707	114.8243	192.2170	33.5688	52.8484	60.7083	91.5994	33.4093	208.2043	130.3358	124.0927	80.5545	83.0999	182.7731	68.7943	66.8030	57.4198	70.3184	85.8025	212.9430	97.6378	42.4437	45.1803	120.9611	109.5706	75.3012
SLC25A36	1786.7232	1305.9304	1602.6971	2808.5106	1517.5310	1403.9855	1591.1439	896.6974	1708.1021	2050.2622	974.2052	1653.3937	1380.6503	1037.1983	1826.2477	1596.9626	1798.9088	1208.1413	1864.0587	1161.7814	2120.9137	1390.7563	1713.4740	967.2474	1805.9322	1819.3730	948.8262	1120.6741	1909.8005	1195.4785	1939.1021	1988.2988	1697.1259	1505.5698	1570.7547	1152.2856	1099.0197	1434.2327	849.5491	1347.0008	1329.7214	1210.0171	1545.3055	1266.3919	2114.8459	1572.1289	1875.1773	1728.0164	2155.1081	1888.4398	1980.2469	1297.0724	1655.1181	1152.4116	1472.3812	1135.8741	1034.7021	1487.9518
SLC36A1	276.8362	187.4365	167.0124	320.4787	279.3309	1319.1875	76.0148	761.5207	219.7558	355.0895	247.7504	128.5068	230.7692	220.6496	425.6668	204.4393	305.5339	224.2704	269.2747	206.3363	245.3722	157.5630	235.3896	296.5157	427.1186	184.6826	230.0674	281.3547	235.0390	167.5961	199.6958	206.1206	273.2792	127.6778	279.4811	291.5377	216.5080	210.7926	253.4409	205.0114	172.6006	248.7194	203.6994	182.0907	238.0952	108.5434	176.5957	528.2890	221.1037	432.8489	262.9630	142.3729	218.1102	179.4212	362.0610	267.6056	320.4200	393.0723
SNCA	148.3051	162.9350	133.8174	135.6383	241.7528	312.2109	168.2657	130.1843	189.7891	154.7641	157.1686	95.0226	84.0603	113.2281	90.8371	111.3707	190.1793	99.8464	154.5232	314.8908	146.5144	178.5714	187.5000	161.6725	123.7288	118.5462	264.0118	161.7908	78.0572	67.5207	76.5189	150.3150	86.9525	126.8209	230.5425	215.6431	152.8626	109.6121	151.8747	120.7289	168.7307	85.9419	117.5369	194.8295	126.0504	330.5322	68.0851	116.5644	135.7196	159.3884	112.0370	140.8320	111.8110	132.4759	94.0740	109.3621	256.4545	137.8012
SNX13	1121.4689	1109.3058	757.2614	1194.1489	889.3496	1084.0657	1242.0664	867.8955	1165.3718	1154.9449	931.6137	951.1312	825.5353	971.1486	898.8645	1128.8941	1172.2525	951.6129	1352.8932	790.5417	1216.2269	1099.4398	1089.2857	816.0279	933.0508	1064.4205	928.3518	808.9540	1189.0720	950.7159	1089.9284	1225.9226	1027.9024	1210.7969	1149.7642	1079.6748	1034.2378	1050.5902	736.5923	888.3827	1144.7368	732.4986	918.2861	1043.8366	872.0822	1380.2521	1167.3759	950.9202	1042.5056	1069.6211	1042.2840	885.0539	947.2441	1113.1833	875.7543	848.3844	1064.0196	1142.3193
SOCS1	180.7910	172.7356	103.7344	126.3298	88.3087	123.3426	188.9299	326.0369	86.5705	141.0233	253.7493	146.6063	133.2276	457.2673	327.4360	130.4517	170.6937	165.1306	76.9356	236.1681	119.3383	252.8011	68.1818	251.5679	253.3898	79.8627	340.5214	145.6592	196.8777	224.2653	133.4416	165.6166	152.9432	210.7969	146.2264	236.8060	227.3050	187.1838	256.7632	310.5543	102.9412	317.0176	88.0356	252.1544	182.0728	164.5658	113.4752	88.6162	149.1424	140.6368	116.9753	143.6055	140.9449	121.5434	189.3857	108.5336	314.4973	117.4699
SRF	1671.8456	2200.2355	1672.1992	1437.5000	1245.0894	1139.9553	1098.8930	2414.3625	1839.0677	1369.0110	5390.5219	2089.5928	1515.4639	1982.9432	1769.2105	2124.2212	2050.6625	3201.2289	1362.0212	1073.9434	1543.1272	1460.7843	1234.5779	2378.7456	1959.3220	2256.7462	1624.4809	2217.6252	1832.6106	1269.0279	2153.7284	2516.6517	3229.6632	874.0360	2472.2877	1840.0811	2936.7808	2086.0034	4126.2458	1226.2718	1636.9969	1815.5948	1651.6038	2058.8235	2017.7404	1384.4538	2468.7943	1155.4192	2314.6905	1313.3916	2777.7778	2680.4314	2516.5354	2968.4887	1322.6056	1561.7233	2000.4042	1987.9518
SRGAP2	1265.5367	1130.7446	1228.2158	1129.6543	1131.1023	619.6038	611.0701	1311.8280	1157.6027	1614.8978	2250.1500	1279.6380	666.9310	1332.6075	854.5022	1423.2866	1217.4591	1211.9816	1271.3936	1017.5945	1040.5672	853.6415	1149.3506	1247.0383	829.6610	1108.0955	684.8143	1206.5513	764.0937	842.8033	1185.1105	856.8857	1452.5721	448.1577	1433.9623	711.8775	1052.9905	1112.9848	1503.0850	1488.2308	1445.8204	825.2703	1461.0162	689.0221	1076.5640	690.4762	1237.5887	892.9789	896.7189	925.0777	1366.9753	1067.4884	1592.9134	1349.1961	1051.5241	879.8674	1675.8383	1236.4458
SUMO2	2390.3013	2368.0709	3163.9004	2337.1011	2586.6294	3492.1369	4112.1771	1948.5407	2817.9800	2549.9910	2517.6965	2371.9457	2799.3656	2582.4714	2668.0750	2708.7227	2014.8090	2713.5177	2379.1361	4295.7736	3038.9917	3406.8627	2368.5065	2350.1742	2245.7627	2309.1561	4261.3663	2136.4926	2638.3348	2711.6805	2443.0074	2389.7390	2417.5892	6090.8312	2325.4717	3317.8382	2094.0474	2706.5767	1959.1837	2639.3318	2730.6502	2504.2686	2804.4954	3030.7231	2318.3940	4944.6779	2430.4965	2605.9986	2972.0358	2776.0144	2697.8395	2641.2943	2415.7480	2317.0418	2467.5847	2687.6553	2048.0823	2726.6566
TAS1R3	10.3578	5.5128	9.3361	9.9734	8.7682	7.7089	8.1181	11.9048	4.4395	14.4639	7.1986	9.9548	12.6883	18.1455	16.8999	13.6293	9.3531	7.6805	5.8680	6.6293	12.2095	4.2017	4.8701	12.1951	32.2034	6.2393	4.8492	8.0658	18.2134	5.4258	7.4653	26.1026	4.6582	13.7104	13.5613	8.3922	21.0257	10.1180	9.0176	10.6302	8.5139	22.1969	16.3896	13.8629	23.3427	9.1036	4.9645	5.4533	13.4228	4.6879	9.8765	8.6287	13.3858	18.6495	9.9025	10.7705	16.8798	10.5422
TBC1D12	326.2712	297.6933	232.3651	332.4468	285.5939	223.5584	218.4502	229.6467	254.1620	303.7425	224.3551	256.1086	253.7669	270.0054	226.0364	283.4891	352.2993	245.7757	295.3545	196.3924	366.2859	252.1008	336.8506	270.7317	294.0678	275.7760	240.8434	288.4716	256.7216	173.0219	314.4742	276.3276	289.5828	262.2108	312.5000	253.2255	235.2607	228.4992	212.6246	263.4776	274.7678	197.4957	248.1854	248.4076	281.0458	275.2101	255.3191	374.9148	303.8777	303.9318	279.3210	255.4700	285.8268	204.5016	241.9929	185.5841	240.7592	280.8735
TFG	1420.4331	1330.4319	1494.8133	1273.9362	1745.5051	1610.1989	1479.7048	1730.0307	1576.0266	1450.0090	1893.2214	1436.1991	1509.9128	1662.1303	1396.3560	1372.6636	1337.4903	1493.0876	1163.1622	1454.2984	1460.0236	1299.0196	1461.0390	1468.2927	1257.6271	1330.2137	1674.0505	1535.8265	1488.2914	1639.7890	1275.6268	1495.0495	1522.4446	1492.7164	1548.9387	1514.2448	2019.0368	1408.9376	1560.9872	1460.8960	1396.2848	1450.7684	1479.7471	1275.0094	1318.3940	1448.1793	1558.1560	1356.5099	1474.2729	1289.9521	1325.6173	1436.3636	1335.4331	1703.5370	1473.6191	1354.5982	1361.6371	1483.4337
THTPA	315.9134	240.1148	336.0996	309.8404	291.2307	360.3916	461.9926	288.4025	207.5472	275.5379	205.1590	310.4072	423.4734	262.0214	285.1862	267.5234	242.4006	294.1628	258.8427	372.0684	319.4171	343.1373	242.6948	368.9895	323.7288	306.9724	511.3209	321.6838	288.8118	335.1922	297.6774	299.7300	288.8064	335.0471	247.6415	392.6090	250.0355	259.6965	365.4485	272.5892	259.2879	409.7894	326.3873	441.3638	268.9076	406.1625	287.9433	333.3333	271.0664	264.0847	333.3333	339.5994	272.4409	268.1672	311.9294	323.9437	310.0553	326.0542
TMEM109	4186.9115	4032.3359	4252.0747	3361.7021	3854.2657	3378.4305	3943.1734	3584.8694	3872.3640	4079.5516	3453.5093	4358.3710	3738.3029	3711.1232	3051.4919	4924.0654	4135.6196	4977.7266	4046.9438	4878.3216	3425.3643	4174.3697	4722.4026	4888.8502	3209.3220	3704.2583	4791.5452	5154.0571	2969.6444	3548.4552	3563.7300	3195.3195	4333.6491	4802.0566	3635.0236	3524.7242	3529.4786	4003.3727	5582.3446	4538.3447	4375.3870	4309.0495	5639.8970	5284.3762	4255.8357	5525.9104	3773.7589	3132.9243	4014.9142	3376.0648	4545.6790	5655.7781	4384.2520	3547.2669	4381.8660	4556.7523	4769.5796	3512.0482
TMF1	1549.4350	1413.7371	969.9170	1186.1702	1456.1533	1193.9177	1409.5941	1099.8464	1900.1110	1324.8960	1392.9214	1289.5928	1046.7883	1256.3963	1349.8812	1289.7196	1354.6376	1312.5960	1507.4165	884.1803	1397.4006	1211.4846	1254.8701	979.7909	1229.6610	1405.0850	873.3942	954.1387	1699.0460	1327.5057	1287.7579	1445.5446	1500.7065	1077.9777	1721.1085	1224.8964	2060.5200	1623.9460	840.5316	995.4442	1344.4272	874.7866	925.3102	985.3878	1211.0177	1051.1204	1460.2837	986.3667	1342.6547	1159.4724	1708.0247	1073.0354	1266.1417	1845.6592	1027.3867	967.6885	1199.0580	1388.5542
TNFRSF6B	16.6149	25.2917	40.5602	42.8590	70.1835	20.4961	47.3875	600.4263	76.4040	36.4708	255.1470	16.1267	154.1316	118.1274	55.1888	59.4704	23.4451	54.1859	7.9609	60.2519	49.4683	16.1485	24.8945	105.6690	81.5254	36.0817	165.4654	50.8621	28.4302	68.2442	71.9465	91.2331	88.3266	23.2048	82.9186	131.7247	196.6018	46.7538	67.8880	65.1708	11.7724	102.1002	32.4795	48.8235	52.8105	65.7003	20.2199	71.1725	24.6346	24.0255	45.3395	17.2049	55.3228	21.3441	72.9568	67.5311	107.4355	27.2741
TP53BP2	1444.9153	1661.8149	1465.7676	1531.9149	1251.9787	1147.6642	1383.7638	2332.9493	2259.7114	1668.4144	5879.4241	2114.9321	1214.1158	2501.9053	1904.4098	1764.4081	1628.9945	2654.3779	2145.7213	2191.8058	1225.2855	1337.5350	1694.8052	1646.3415	1422.0339	1438.1532	919.7310	1399.6565	1346.9211	1594.5742	1181.3779	1477.9478	2117.9138	1112.2536	1699.2925	1315.0213	6204.2904	1748.7352	2522.5439	2445.7099	1640.8669	1108.1389	1551.8614	994.0052	1493.9309	1180.6723	2374.4681	1188.8207	1508.9485	1504.8139	1313.5802	1450.2311	1574.8031	2409.0032	1846.2015	1132.5601	1993.5931	1499.2470
TPRA1	648.7759	622.9509	836.0996	716.7553	729.0161	1343.2778	849.4465	695.0845	495.0055	680.5279	529.6941	866.0633	794.6075	615.4963	597.8347	775.3115	638.3476	728.8786	661.1247	1100.4605	794.8011	719.8880	673.7013	872.1254	723.7288	744.3457	907.3386	889.1377	636.6002	668.5757	651.3442	555.3555	742.9778	962.2965	629.7170	918.3986	475.0675	738.6172	915.0451	897.4943	712.8483	885.6005	917.8178	1142.7501	783.3800	945.3782	692.1986	970.6885	896.3460	750.8443	801.2346	929.7381	787.4016	607.0740	940.7396	821.8724	754.5566	594.8795
TTC31	453.8606	360.1722	395.2282	535.9043	492.9001	227.4129	290.0369	373.2719	280.7991	456.3370	320.9358	447.9638	501.1895	412.2664	475.3103	481.6978	442.7124	340.2458	347.5143	345.5512	485.2304	348.7395	432.6299	437.2822	588.1356	401.1855	255.3910	453.5836	437.9879	399.6986	522.5684	522.0522	430.1042	311.9109	484.6698	402.4607	311.9761	378.5835	356.4309	395.5961	356.0372	487.7632	391.4774	378.4189	597.5724	243.6975	490.7801	547.3756	494.4072	523.4815	420.6790	380.2773	564.5669	318.3280	461.7051	407.6222	388.2354	491.7169
VGLL3	1715.1601	2050.1638	714.7303	932.8457	1375.9866	630.2035	823.6162	408.6022	1748.0577	1891.1589	2128.3743	1218.0995	658.2078	1369.6244	618.9596	1576.3240	1657.0538	1009.9846	2435.2078	836.1180	1309.5707	1786.4146	1760.5519	1620.9059	694.9153	1615.9725	1364.2407	2022.6222	705.1171	515.4484	1519.1811	1072.0072	1245.2836	727.5064	1344.3396	349.5534	1362.1253	1306.9140	1363.5501	934.7001	1236.8421	572.5669	1158.0426	1064.0689	1520.0747	1811.6246	735.4610	381.7314	1418.3445	696.9335	1426.5432	2103.8521	985.0394	954.3408	807.0555	1077.0505	1026.4102	1348.6446
VPS39	2369.5857	2075.2778	2270.7469	2433.5106	2096.2345	1424.2214	1322.5092	1851.3825	1768.0355	2059.6637	1613.6773	2114.9321	2191.1182	1919.7968	2059.6778	2354.3614	1951.6758	1737.3272	2401.9560	1587.7126	2431.2722	1644.9580	2095.7792	2209.4077	2504.2373	2344.7200	1259.1747	2089.9955	2785.7762	1782.0648	2384.2184	2879.3879	2089.1884	1215.9383	2040.0943	1723.6850	1821.2814	2102.0236	2196.4879	2260.4404	2145.5108	2384.7467	2068.3681	1743.7242	2884.2204	1277.3109	2592.1986	2479.8909	2189.4109	2243.9385	2120.0617	2220.0308	2306.2992	1826.3666	2560.4209	1956.9180	1960.1296	2323.7952
XYLT1	338.5122	455.1155	196.0581	192.8191	303.1304	123.3426	81.1808	373.6559	308.5461	337.7328	637.0726	186.4253	158.6043	178.5520	216.5302	431.0748	410.7560	221.1982	567.8892	191.4205	394.6436	182.7731	375.8117	311.8467	266.9492	573.3895	164.8727	377.1956	162.1856	133.2329	343.4021	183.6184	334.6117	71.9794	455.7783	160.9113	305.1570	269.8145	406.7394	384.2065	325.0774	381.3318	227.5814	177.5946	279.1783	157.5630	346.8085	322.4267	112.9754	253.9276	388.8889	316.4869	307.0866	229.5820	295.8378	246.8931	410.4456	344.8795
YIF1A	785.3107	722.1820	895.2282	776.5957	948.8483	1439.6392	1783.0258	1206.9892	569.3674	787.5610	723.4553	1004.5249	1250.5948	878.2435	783.7338	769.4704	685.1130	911.6743	636.3488	1414.5227	801.1028	978.9916	668.8312	1336.9338	896.6102	754.3285	2105.0902	1032.8990	869.0373	989.2992	712.9326	755.1755	819.0612	1656.3839	695.1651	1483.5951	655.2067	864.2496	1056.0038	976.4617	828.1734	1166.7615	903.7696	1767.7033	820.7283	1632.3529	743.2624	1014.3149	1000.7457	820.3814	822.8395	963.6364	803.9370	945.9807	823.7661	1111.0191	964.5176	613.7048
ZBTB25	90.3531	77.9025	54.1079	101.1037	98.6865	114.9977	65.8450	60.0346	56.9478	113.4478	44.5771	69.0950	89.6987	59.9310	76.4088	89.4704	82.2136	56.4055	83.6186	52.3630	99.2005	86.0504	77.3945	72.9477	99.5678	64.9633	60.7173	63.0605	78.3088	81.4589	71.2933	99.6940	60.7891	68.7061	77.2288	66.9989	76.1358	80.5902	61.6184	65.0797	66.3080	95.5720	73.6127	53.0910	112.3810	51.2815	81.0638	79.3115	69.6421	84.5852	92.7130	60.3482	81.6457	82.0707	64.1560	52.2949	91.3701	100.9789
ZNF330	618.6441	752.8089	649.3776	720.7447	603.7556	1025.2852	676.0148	912.0584	791.3430	642.9217	947.8104	688.6878	621.7288	1106.8772	1041.4576	636.2928	691.3484	754.2243	837.8158	773.1398	684.1276	815.8263	646.1039	891.6376	710.1695	666.3547	636.3224	633.4039	789.2454	860.8892	693.3363	736.2736	819.0612	642.6735	766.5094	663.7136	754.6526	681.2816	648.7897	819.2863	608.3591	611.2692	587.6844	672.9112	728.2913	656.1625	754.6099	754.6012	719.2394	672.7127	637.6543	634.5146	596.8504	804.5016	773.0156	632.9743	752.4837	874.2470
ZNF396	137.0056	42.2651	53.9419	50.5319	139.0392	58.7805	158.6716	22.6575	32.1865	77.3820	12.5975	102.2624	57.8906	50.8075	45.4185	63.0841	50.6625	26.1137	60.6357	33.1464	62.6231	43.4174	38.1494	35.8885	54.2373	45.5467	44.7204	51.7161	73.7207	87.4152	53.1900	39.6040	85.3997	83.9760	28.3019	60.2049	34.6640	122.2597	18.0351	56.1883	70.4334	53.5003	65.5584	70.4384	62.5584	66.5266	67.3759	67.4847	85.7569	50.7855	175.3086	57.6271	49.6063	74.5981	42.7046	33.1400	47.3819	43.6747
ZNF485	37.1940	15.3134	35.2697	35.2394	30.6888	32.7629	44.2804	29.9539	16.6482	34.7134	28.7942	23.5294	48.3743	27.5812	17.9562	30.7632	21.0444	16.8971	28.0359	14.0872	25.2068	11.9048	24.3506	19.5122	16.1017	16.2221	24.2460	27.0442	26.8864	38.5833	22.3958	25.2025	19.4090	41.9880	19.4575	26.2712	26.7083	21.9224	13.2890	31.8907	23.2198	38.7023	36.9937	30.7231	36.4146	30.1120	22.6950	40.2181	30.2013	24.2208	28.0864	26.8105	19.6850	20.5788	19.8050	28.9975	25.4678	18.0723
ZNF506	368.1733	387.1238	254.1494	406.2500	378.9130	228.3765	495.2030	207.3733	397.3363	436.8107	439.1122	337.5566	398.8898	314.2805	437.2855	429.5171	371.7849	254.9923	440.7498	267.6572	449.7834	366.2465	350.6494	279.4425	339.8305	314.4595	255.9298	331.1730	335.6461	367.7468	591.6221	413.1413	400.6025	307.6264	434.5519	240.4548	184.6853	308.6003	263.8823	286.2566	339.7833	336.3688	345.5865	289.9963	486.4613	411.7647	426.2411	293.7969	495.8986	365.6557	415.7407	369.1834	418.8976	366.5595	306.3593	273.4051	291.1025	454.0663
ZNF700	247.1751	173.3482	191.9087	422.2074	276.8257	185.0139	242.8044	183.5637	218.6459	298.6802	235.1530	201.8100	311.6574	228.6336	254.5551	278.0374	233.7958	154.3779	216.4629	171.5326	355.2580	203.7815	198.8636	204.5296	387.2881	153.4862	174.5711	213.5069	279.2715	210.3994	331.2711	266.4266	263.1865	170.5227	287.1462	223.2982	125.0178	239.4604	169.4352	226.2718	184.9845	295.9590	257.0827	188.0405	370.6816	200.2801	254.6099	406.2713	327.3676	266.4286	277.7593	186.1325	324.4094	165.9164	235.1849	145.8161	195.1542	329.8193
ZNF711	104.9906	99.8436	40.4564	73.8032	179.1225	35.6537	69.3727	28.8018	72.1421	101.9707	98.3803	57.9186	36.4790	60.9690	82.3871	90.7321	94.3102	44.5469	80.1956	38.9470	72.0756	58.8235	55.1948	62.3693	77.9661	57.4013	39.8712	69.2711	68.5169	63.3007	214.6263	87.3087	83.8470	71.9794	107.9009	38.6771	75.0107	78.4148	38.4433	35.6872	67.3375	49.5162	104.8935	17.6096	106.4426	66.5266	110.6383	52.4881	68.2327	50.0042	114.1975	90.2928	78.7402	76.5273	48.8937	35.6255	73.1458	103.1627
