ID	4670	1680	8033	7145	7167	4434	7624	7701	8620	4402	8171	6591	7765	8094	4632	7160	4244	7156	8512	4666	A4T7
ALDH6A1	325.0649	319.6712	205.6055	518.7756	1654.7400	406.0027	199.2622	502.2023	198.0414	479.6453	2139.9129	326.3501	369.8564	223.5792	224.2783	829.5962	384.6339	2558.6692	464.7408	766.1095	175.0252
ANKLE1	84.7205	8.2212	8.5938	12.8022	15.3789	18.7655	25.9113	10.5374	58.7111	15.6825	1.4043	84.0621	77.4032	11.3247	22.9402	11.9874	16.0572	1.8657	10.3955	5.5335	14.5568
ARHGEF10L	490.6382	533.6323	604.2969	760.5691	559.8811	991.6346	542.3803	530.0316	1464.5036	1070.5109	1678.1351	496.4158	625.4682	560.8702	731.7912	463.7224	895.0170	199.0050	670.7643	619.0027	752.5405
ARMC6	618.7536	461.8834	459.7188	353.8072	360.4636	587.5967	408.8713	245.5216	1443.6494	492.6715	640.5814	925.3166	319.6005	616.3016	1000.1912	511.0221	348.7215	558.4453	489.0326	721.3733	476.7957
BCO2	69.7007	5.9791	7.4219	6.4011	12.1842	64.6620	7.4660	7.3762	10.1206	33.0539	3.3703	13.1422	20.5993	1.1921	8.4114	4.4164	23.3877	4.9751	235.7028	29.4284	13.6745
C14orf129	1124.2312	1060.5381	620.7031	1134.7435	701.6345	630.5675	996.9258	1702.8451	559.6071	1034.0793	774.3294	545.9976	352.6841	547.7574	1335.1176	1114.8265	867.7895	547.8856	399.7862	698.7361	396.5615
C1orf86	1058.1823	588.9985	499.4883	599.5985	967.9376	210.0000	434.0141	324.2466	705.6050	690.2370	1214.6552	680.6452	387.6217	555.0112	1306.9700	279.8675	160.8517	542.8856	597.1780	239.3083	929.8596
C7orf28B	1462.6213	525.4111	950.0000	835.6368	920.0594	929.9118	1183.5749	1145.4162	778.0920	705.7120	376.6325	2001.7921	1183.5206	342.1249	1401.6440	690.8517	1111.0917	273.6318	219.1342	1058.9197	983.6843
CAPN10	280.4455	340.3139	327.3945	203.6719	1133.8663	307.0088	299.3808	321.7071	948.6531	329.0331	521.6234	402.7479	118.0899	477.5026	311.2216	201.1483	261.9600	360.0560	723.1855	347.8589	735.7253
CARM1	1264.7260	842.3019	680.0781	782.1001	629.7177	1097.6713	1263.9438	814.5416	2005.0603	827.0704	685.2970	2823.7754	1164.1698	1746.9826	1264.7677	791.1672	897.4605	404.2289	877.6056	823.2409	921.4872
CDK2AP1	2126.0079	2260.0897	2926.1719	2633.7688	1605.6464	2019.6699	1865.1735	2616.4384	709.6294	2529.7063	2164.3028	3485.0657	2663.5456	834.4509	4713.4391	1482.6498	1649.0095	3224.5025	1695.3501	2368.8612	2328.6410
CGGBP1	1916.9222	2286.2481	1239.8438	2449.8822	2053.4918	2133.1698	1277.5582	1898.8409	1225.1823	1607.1102	1614.9417	1562.1446	2152.3096	1966.3239	1792.3992	1806.9401	1703.4925	2817.7861	1591.6622	1185.9448	1508.6100
CHCHD8	1637.2830	1021.6741	1570.7031	509.7617	735.5126	878.8153	1068.5112	1385.6691	704.2715	1011.4000	1141.1319	548.3871	667.9151	1763.0755	1208.9467	598.7382	882.7995	686.5672	497.5949	1548.3871	713.7225
COQ9	1911.4391	951.4200	1666.0156	1142.3085	1054.0862	1042.5051	823.4519	1072.7081	860.8424	718.4993	822.6373	606.3321	764.6692	1394.7251	1052.9535	772.2397	839.1657	1116.9154	1092.9984	909.5139	2052.9447
COX7A1	113.1611	76.9806	67.5781	31.4237	64.7845	85.4624	27.2288	37.9347	19.6458	90.9584	26.6816	6.5711	119.8502	28.0137	116.9948	70.6625	52.3606	50.3731	89.7916	28.1708	41.9058
CUL3	1689.7636	2177.8774	1151.9531	1718.9910	2718.5736	1390.9111	1641.6337	2224.4468	2124.1256	2165.1487	1359.0788	1849.4624	2230.3371	1500.8195	1497.9927	2295.2681	1705.2099	2142.4129	1295.0294	1570.2698	1355.9845
CXXC1	406.7241	711.5097	925.3906	415.4907	1214.5617	708.3428	350.9003	576.3962	1170.4123	647.0837	1120.9100	844.6834	364.5443	348.0852	344.1025	546.3722	782.2672	598.2587	1061.9989	591.0834	1579.1882
DDX10	648.0798	496.2631	303.9062	356.7168	356.0178	643.0025	833.9921	415.1739	461.9735	474.3350	617.8907	771.8041	534.3321	468.4846	197.2854	432.8076	141.3736	348.8806	298.2362	1056.6560	288.0475
DYNC1H1	5323.7666	2731.6891	6583.9844	10138.7879	10327.1917	5236.0389	10189.7233	11628.0295	9271.6178	6803.5467	10174.4137	15370.9677	6285.8926	6700.0447	2596.8266	8955.8360	6527.6202	7963.3085	9164.0834	6641.5142	6020.3243
ECHDC2	353.6969	856.5022	839.8438	533.6204	1669.5394	662.2202	646.0255	236.0379	230.3914	558.7792	931.0490	72.2820	312.7341	801.0729	594.1503	256.7823	1456.3225	894.9005	1513.0946	193.6741	936.4851
EDEM2	1382.5338	2284.0060	865.2344	968.8964	1655.2749	1203.9340	2119.8946	1004.2150	981.0984	1083.5394	682.2076	501.1947	953.1835	1334.5254	1786.2741	852.3659	1550.9207	1780.4726	539.2838	1205.8102	1686.3790
EIF3J	2982.0965	1360.9865	2489.4531	1406.5000	1134.4755	1654.7592	1870.4436	1298.2086	972.7638	1074.8537	1442.7749	1574.6714	1357.6779	1549.6945	892.3724	1767.1924	1249.3237	1155.4726	743.4527	1195.4977	1375.3936
EIF3M	2676.9578	2639.6936	2750.4531	2114.0621	1821.1828	1902.4983	2349.5213	1642.7187	2675.9458	2017.1446	3507.2434	2944.3608	2380.6991	3659.2997	1615.6911	1783.5710	2488.2939	2066.4241	1339.8557	2347.7029	2670.8131
ENC1	682.3726	2960.3886	1330.6250	2242.1019	4019.1798	1705.7111	422.0466	2801.6754	417.2764	3160.1568	4525.2099	2999.5759	1719.6692	1185.3494	1218.0004	2080.1262	2198.1395	668.7500	1002.4532	823.4321	1077.3240
ESYT1	2940.2761	2096.4126	3564.0625	3154.0051	2185.7355	2800.1357	1928.4146	2285.5638	3190.9510	3610.5917	2013.2004	3449.2234	2561.7978	2478.3192	3031.9251	2402.5237	3415.6558	1215.1741	2235.7028	2895.8058	2406.7182
FAM164A	83.6408	491.7788	296.8750	971.8060	299.5542	275.3787	298.1994	126.4489	210.1503	179.9867	361.4661	388.8889	177.2784	355.8337	500.0956	268.1388	743.1713	167.9104	584.7141	133.5597	183.9446
FAM3C	1857.0452	2683.8565	1148.8281	5020.2217	916.1961	1263.1698	960.9135	2776.6070	470.9034	2394.1130	1236.0624	583.6320	4617.3533	3500.5215	2537.9469	1579.8107	2533.9035	815.2985	996.7932	6201.3457	1762.6917
FBXO28	1179.1718	1540.3587	1792.1875	1859.2336	1612.4814	1036.1745	1616.6008	1420.4426	615.5678	1450.0271	775.7337	1406.8100	2464.4195	1236.7754	1526.2856	2530.5994	2361.4626	1714.5522	796.9001	1470.1629	1231.1493
FUNDC1	451.8245	781.0164	228.1250	587.7390	148.2912	254.3522	281.0716	296.1012	254.2045	409.9162	201.0954	298.0884	270.9114	857.1003	249.2831	340.6940	253.0762	393.0348	202.0310	359.4290	275.2552
GPM6B	27.6069	149.4768	62.8906	32.5875	73.4027	92.6973	28.1072	408.8514	32.1476	141.3837	17.4133	534.6476	116.7291	11.3247	54.2917	203.1546	65.6253	396.1443	196.6863	39.4894	71.0194
GPN1	1348.0197	1928.5202	2483.6406	1147.5458	882.4309	1124.9197	1412.9644	635.4057	688.7930	1264.4092	689.6784	971.8041	1199.4881	1545.6832	3436.6737	981.0726	2158.1395	633.8433	533.3939	1416.3365	718.1336
HEXDC	184.5155	789.2377	580.4688	135.5873	486.1813	461.4786	375.9332	130.6639	340.5269	305.9292	422.9743	175.6989	111.1111	293.2499	253.1065	158.9905	429.7234	361.9403	917.1940	231.6620	549.6281
HMBOX1	97.5810	59.7907	81.6406	27.3502	84.9926	123.4456	39.9649	300.3161	101.2055	47.5300	72.4617	97.3716	233.4582	100.1341	77.2319	136.2776	56.2004	113.1841	89.7916	130.7929	53.8159
IMP4	880.4155	926.7564	656.2500	554.5695	692.7192	895.0938	1018.8845	360.3793	951.9274	722.8421	1143.0979	510.7527	523.7203	944.1216	1141.6555	608.8328	630.0724	530.4726	568.6799	1014.3998	835.0289
INTS2	416.5642	567.2646	351.5625	537.6939	409.5097	322.6317	205.9728	332.9821	420.8960	307.1355	294.0598	608.1243	355.1810	411.8611	302.0455	434.0694	452.3955	406.7164	420.6307	356.9138	281.4308
IP6K1	734.4540	1149.4768	963.2812	1291.8619	1115.8990	1132.4893	1019.7628	1114.8577	1396.0411	1315.8815	1500.6319	1304.0621	1308.3645	991.2085	1211.2407	1150.7886	982.6337	1036.0697	1445.2165	843.8659	1206.8880
ITGAE	409.4574	331.8386	844.9219	109.9828	341.7533	357.6758	138.7791	429.9262	285.1615	172.5074	140.7106	232.9749	293.3833	147.8170	406.0409	472.5552	246.0948	283.5821	169.4281	539.5208	412.0005
KIAA1430	679.5135	2383.4081	657.0312	1462.9463	1026.1516	862.7628	837.0663	1008.4299	676.8864	835.0323	958.0115	868.5783	1483.7703	380.2712	1207.4173	1267.5079	853.8267	1394.9005	653.1267	1306.4202	666.0822
LAMA1	49.7472	2.9895	307.0312	11.0565	4.1605	111.0106	319.2798	20.0211	9.5252	42.7046	46.0609	348.8650	185.3933	0.5960	8.4114	70.0315	66.6725	11.8159	64.6713	12.8278	220.9981
LRP1	6498.8383	1761.5845	6177.7344	5719.1073	6525.4086	6809.6315	4828.7220	7005.2687	3935.7047	6871.3433	3201.5166	11011.9474	13181.0237	4078.6768	1953.7373	8943.8486	4128.1089	3095.1493	8668.6264	3354.0841	6272.6416
LRRC59	9234.8421	3585.6577	6074.7617	7366.8306	2534.7489	4564.2392	4027.1498	3483.4879	3657.3359	4837.0300	1556.8488	4460.0538	3573.2397	9624.7951	6456.5399	3656.6372	3688.4929	2239.6206	2227.2849	5736.9628	3863.1576
MAP7D2	3.0067	216.7414	7.4219	201.9262	4.7548	227.4474	126.4822	13.6986	10.1206	175.4026	18.2559	65.7109	408.2397	107.2865	273.7526	8.8328	1087.3549	154.8507	62.5334	6.0366	14.9979
MDP1	117.6821	189.3647	112.5625	136.8326	120.8321	138.6955	96.1660	148.0084	201.1430	151.8065	235.9865	182.0012	114.2821	270.4753	276.6507	78.0189	249.1910	138.9988	130.7964	161.0212	94.7734
MEA1	2199.7895	1481.3154	1891.7852	1753.8945	1007.1204	889.4031	1501.9236	606.9547	1640.1250	1540.7274	1832.8746	1963.4528	913.8577	1858.4294	1176.0658	647.3186	1436.0660	862.5622	874.9332	1602.7165	903.4015
MEAF6	815.0882	1337.0703	1112.1094	1794.0586	2070.4309	1355.8671	1672.3759	1181.2434	1450.2158	2143.4345	1035.8096	1625.4480	1207.8652	1406.0498	896.9604	820.1893	779.8237	1945.2736	1402.9931	1161.5418	781.2130
MED20	707.9404	576.9806	1139.8438	982.8625	642.4963	886.9546	888.8889	348.7882	585.2061	644.1884	736.4134	793.9068	561.7978	476.8291	517.6830	493.3754	449.9520	615.0498	385.3554	817.7074	348.4801
MME	306.6831	121.8236	247.6562	823.4165	17.5334	183.1336	2656.1265	73.7619	57.7467	418.1193	4.7746	162.4851	598.0025	127.5518	96.3487	112.9338	180.8186	312.8109	222.3410	102.1191	98.8095
NCF4	156.6216	514.2003	239.8438	260.1181	71.3224	929.4596	129.9956	417.2813	210.1503	352.9767	184.5246	9.5579	329.5880	33.3780	534.5058	248.5804	511.7375	39.8010	280.0641	429.3530	262.0217
NFS1	687.9869	426.0090	539.0625	534.2023	682.3180	675.7857	829.6004	269.7576	563.1790	428.7351	805.2240	448.0287	401.3733	808.8213	399.9235	395.5836	874.4219	628.1095	394.4415	826.5107	654.6132
NR2F2	723.5206	386.3976	946.0938	670.9535	790.4903	1158.7158	551.6030	1233.9305	598.3033	1069.7871	565.6509	2695.3405	1050.5618	270.6005	416.7463	1678.8644	593.7691	1370.6468	1135.2218	572.4706	1837.6811
OSBPL1A	144.0481	361.7339	711.3281	298.5248	2049.9257	555.2792	724.6377	583.7724	178.5980	576.3918	189.5801	1013.7395	488.1398	1037.1033	395.3355	784.2271	254.1234	2146.7662	869.0540	457.2722	484.7843
OSBPL5	943.8294	587.4439	531.6406	445.7505	510.2526	835.6319	242.8634	195.9958	386.3670	657.2170	190.4227	420.5496	590.5119	284.9054	192.6974	282.6498	499.1710	116.9154	887.7606	136.8295	949.7185
PHC1	168.5035	311.0314	188.3008	166.9993	831.9762	328.2207	286.1440	261.1591	546.8076	366.4395	376.3938	1309.9044	296.5481	121.3709	169.5813	252.3596	336.3889	497.5560	728.4500	250.2119	552.1689
PHTF2	659.5599	968.6099	493.3594	1358.2007	293.6107	589.8711	468.1599	1200.2107	557.8211	561.4331	499.6489	1001.7921	788.3895	773.6552	1487.2873	708.5174	676.8479	245.0249	396.0449	1209.5831	265.5506
PIK3C3	262.6760	589.6861	862.5000	360.7902	664.4874	415.1029	280.1932	480.5058	474.4754	423.4272	278.6126	462.3656	429.4632	215.1691	344.1025	583.5962	594.4672	565.2985	422.2341	329.7491	278.7841
PIPSL	384.8572	137.5187	487.1094	267.1012	218.7221	216.8212	290.7334	296.1012	152.9990	284.2150	247.7180	258.6619	305.2434	515.5714	266.1059	335.0158	244.6985	436.5672	184.3934	144.3753	221.4392
PLCD3	1876.9988	124.8132	671.0938	87.8699	144.7251	601.1757	512.5165	65.3319	236.9400	307.6181	108.6926	234.7670	186.6417	119.2073	153.6991	386.1199	152.8929	32.3383	802.7793	292.2719	1335.2522
POC1A	284.8162	138.2661	188.6719	271.1746	34.4725	280.1266	365.3931	175.9747	252.4185	260.3293	166.2688	262.8435	88.0150	190.1356	909.9599	116.7192	247.8401	42.2886	73.7573	371.5022	229.8204
POLR3G	76.8074	53.8117	98.4375	83.7964	30.6092	95.4104	62.3628	99.0516	170.2634	55.2506	93.8070	52.5687	27.4657	64.9680	112.4068	33.4385	97.7398	46.6418	65.2058	210.7778	40.5825
PPP1R3F	159.0816	72.4963	86.7188	36.0790	56.1664	72.8013	133.0698	59.0095	61.9140	87.5807	36.2309	342.8913	58.6767	221.7255	81.8199	112.9338	77.4937	200.8706	130.9460	18.6128	68.3727
PSME3	3935.4927	2428.2511	3898.0469	2807.1809	2415.4532	2919.0595	2075.0988	1738.6723	3489.8050	2841.6672	2310.9114	3103.3453	2277.7778	3375.9499	3022.7490	3100.3155	3410.4198	1133.0846	1766.9695	3427.0263	2661.2410
RAB12	257.2092	951.4200	782.4219	1085.8623	961.3670	818.6751	1111.1111	860.9062	501.8604	1068.3395	494.8743	1005.9737	815.8552	857.6963	792.9650	928.7066	833.5806	1157.3383	860.5024	501.5406	995.1533
RCN3	781.4678	295.2167	434.7656	1742.8497	348.8856	432.7380	518.2257	321.3909	207.1737	461.7890	176.0989	1286.7384	1466.2921	6709.5813	3789.7152	190.5363	265.2937	47.8856	259.2197	240.2063	226.7326
RDBP	2610.1544	1763.4081	2005.7578	997.8644	1385.6077	1399.3489	2574.7914	736.5648	1953.2669	1494.4472	2246.2323	2703.0346	998.7516	3334.2274	2864.4619	847.7350	1531.0586	955.8458	1285.9433	2684.6381	1223.2092
RNF170	329.6433	759.3423	619.9219	503.9425	609.5097	726.6561	610.4523	840.8851	372.6745	480.6080	406.4036	257.4671	640.4494	1351.8105	712.6744	565.2997	1156.1218	809.0796	628.0064	395.1456	457.4353
ROGDI	343.0368	653.9611	669.1406	206.5815	785.1412	599.8191	452.7888	417.2813	1056.1095	661.5598	1112.7651	354.8387	206.6167	311.1310	359.3959	283.2808	876.8653	1085.1990	1350.0802	490.7250	593.7395
RPL39	1941.5061	2000.0000	383.5938	1095.1730	403.5661	1898.7113	332.4550	1023.1823	193.4812	750.1056	1092.8240	365.5914	694.1323	972.7313	1020.0726	504.1009	1150.5367	997.5124	207.3757	377.5388	475.9620
SAMD5	30.6136	129.2975	216.0156	45.9717	81.7236	133.3936	279.7541	713.3825	89.2990	41.7396	413.7059	921.7443	124.2197	17.2851	15.2934	388.0126	23.0387	343.2836	71.6195	10.5640	81.1650
SGIP1	46.4671	28.4006	50.0000	33.7513	43.0906	71.6708	9.6618	91.6754	20.2411	45.8411	13.4813	27.4791	193.5081	14.9009	41.2923	70.6625	37.0015	55.9701	38.4821	17.1037	33.0836
SIPA1L1	913.4891	508.2212	633.9844	1472.2570	591.9762	2514.5829	657.4440	973.6565	1424.0214	1208.7581	696.2505	1678.0167	1335.2060	746.8336	484.8021	1181.0726	1051.7497	1918.5323	1561.7317	2252.6567	713.2814
SLC16A14	5834.6317	62.7803	4207.4219	152.4630	548.2912	144.2460	104.5235	4409.9052	224.4382	331.0212	18.2559	461.1708	350.1873	1026.9706	120.0535	6801.2618	224.4524	843.9055	75.8952	191.9135	3009.2799
SLC25A36	619.6529	1100.1495	1079.6875	1592.1324	1763.4473	1537.1920	1397.4528	1774.4995	1653.2222	1565.3538	3026.8221	1008.9606	1273.4082	565.6385	616.3258	854.2587	1149.8386	2489.4279	1888.2950	971.1375	1508.6100
SLC36A1	226.8689	163.6771	276.9531	284.5588	196.1367	436.1293	569.6091	320.3372	555.4398	255.7452	240.6965	569.8925	453.1835	280.7331	283.6934	400.6309	607.3828	106.3433	276.8573	470.1000	326.4244
SNCA	22.4136	28.4006	10.9375	20.9491	13.3730	70.3143	79.9297	20.0211	89.8943	42.7046	7.0215	175.6272	79.2759	269.4084	56.5857	58.0442	32.4636	27.3632	190.2726	202.2260	26.9080
SNX13	760.4209	1470.8520	1226.1719	1073.6419	1040.7132	818.4490	945.5424	1167.5448	641.1668	1261.5960	1339.4186	1216.2485	1657.9276	850.5439	1284.6492	1246.0568	1638.1883	1403.6070	949.7595	722.8825	671.3756
SOCS1	110.1544	315.3961	301.9531	58.7739	27.9346	149.6722	53.5793	232.8767	91.0850	88.7870	81.4492	179.2115	210.3620	17.8811	335.6911	124.2902	67.3706	27.3632	84.4468	147.8966	151.3021
SRF	1437.2010	939.4619	1328.5156	2005.8774	707.2808	1223.8300	1557.7514	884.0885	1592.4989	1280.1737	2501.6149	2225.2091	1506.2422	1265.3852	765.4368	1113.5647	830.0899	957.7114	2635.4890	742.2499	1463.1752
SRGAP2	371.1904	391.6293	519.1406	907.2129	879.9406	1317.6577	3050.5051	991.5701	538.1753	843.9592	1305.1538	3018.5185	1185.3933	838.6232	782.2596	661.8297	1360.6772	291.0448	657.9369	960.8250	501.5467
SUMO2	5076.3974	5606.1286	4145.7031	5090.0521	3666.8648	3276.9613	4826.9653	2706.0063	3378.4789	4046.0824	3239.1518	7422.9391	3285.8926	4433.3184	5595.1061	2763.4069	3542.7175	3076.4925	1789.4174	3427.7809	2503.3221
TAS1R3	31.4336	9.7160	17.9688	9.3107	86.4785	14.6959	51.8226	122.2339	39.8869	54.7681	3.3703	8.9606	18.1024	275.3688	68.8205	7.5710	4.1888	38.5572	21.3789	5.0305	11.4690
TBC1D12	374.7437	204.0359	105.4688	214.7284	279.0490	189.2381	388.6693	404.6365	260.1578	206.2851	174.1328	234.1697	308.9888	197.2880	299.7515	311.6719	224.4524	356.3433	211.6515	125.0079	272.6085
TFG	4642.6131	1824.3647	4084.7656	4927.1146	2120.0594	3281.9353	3533.1577	2353.0032	1722.2801	3154.5932	1601.1796	1324.3728	2749.6879	5506.7799	2111.2598	2694.6372	2702.5046	2591.4179	1481.5607	3634.7859	2796.2219
THTPA	333.7433	339.3124	158.5938	93.1072	211.2927	246.8913	184.4532	282.4025	338.1456	412.5701	897.0650	264.0382	196.0050	155.5655	384.6301	246.0568	327.0792	470.7711	343.1320	289.2536	224.0859
TMEM109	2030.0670	3127.8027	2250.3906	1656.7255	1826.4487	2773.4569	2736.4954	2590.0948	2090.1920	3553.8935	1745.8222	2242.5329	2087.3908	2159.4397	2401.8352	2115.4574	2030.5437	1416.0448	2326.5633	3880.0226	1921.4927
TMF1	1315.2932	1453.6622	960.1562	2623.8762	1140.2675	1012.4350	1245.9376	1571.1275	652.4780	964.5938	813.0880	612.9032	2382.6467	1159.8868	1384.0566	1103.4700	1653.8965	1646.7662	1656.3335	767.1509	1404.5071
TNFRSF6B	84.2367	5.2466	113.8242	45.7214	45.7623	113.6423	115.7312	45.4689	106.0217	36.8539	15.4894	35.3166	69.4632	28.7111	97.1516	38.2334	59.8935	16.0261	157.3437	1145.0343	415.8029
TP53BP2	1032.1170	845.2915	1591.4062	1449.5621	1792.5706	982.3649	989.4598	1438.3562	1529.9896	1461.1255	1151.2428	3441.4576	2150.4370	1546.7143	1296.1193	1640.3785	1806.0913	1378.1095	959.9145	1403.0057	1437.5906
TPRA1	865.3820	969.3572	578.9062	787.9193	638.3358	955.9123	950.8125	546.8915	764.3995	1033.8380	751.5798	494.6237	564.2946	544.1812	971.1336	518.6120	652.0639	704.6020	781.4003	485.9460	895.4615
TTC31	373.9237	493.2735	522.2656	320.0559	688.5587	619.4619	794.4664	439.4099	616.1631	502.5635	1041.7076	458.1840	310.2372	424.3779	250.8125	472.5552	990.3133	417.2886	498.1293	350.3741	477.7265
VGLL3	429.9576	102.3916	616.7969	186.7962	254.0862	2592.8103	12292.9293	510.0105	47.6261	299.6562	36.7926	133.8112	832.7091	46.4908	116.2302	670.0315	128.4580	221.3930	278.4607	126.2655	192.3257
VPS39	2051.3872	1544.8430	1803.9062	1093.4272	2502.2288	1901.1983	1996.9258	1237.0917	1400.8037	1601.5441	1838.7867	537.6344	1005.6180	1504.3958	711.9098	1455.5205	1538.0051	3424.7512	2237.3063	1244.2935	2163.2232
XYLT1	575.0991	76.2332	375.7812	384.6490	265.3789	434.3206	26.3505	2129.6101	95.2523	337.0529	226.9344	434.2891	800.8739	119.8033	100.1721	389.9054	206.6498	31.0945	199.3586	145.8844	107.1907
YIF1A	2391.6906	1488.7892	1166.0156	1078.8792	1034.7697	1365.5890	1912.6043	1890.4110	2763.5065	1648.8329	1175.6776	735.3644	1601.7478	4447.6233	3014.3376	657.4132	1783.4017	777.3632	973.2763	1736.0246	1497.1410
ZBTB25	75.1647	54.6637	70.0195	61.8697	109.5186	106.2514	70.9179	166.7650	114.6421	99.4222	156.6381	137.6464	95.8177	59.7109	81.6976	92.2776	153.4165	132.8296	104.5644	138.2708	74.3939
ZNF330	483.2582	620.3288	579.6875	499.8691	858.2467	559.3489	339.0426	1279.2413	607.2332	562.3982	685.5779	579.4504	626.0924	559.0821	389.2181	573.5016	539.6631	962.6866	589.5243	694.7117	517.4268
ZNF396	12.3001	89.6861	86.7188	26.7683	68.6478	38.6615	18.0061	16.8599	36.3149	64.6601	22.4688	8.9606	31.8352	69.1402	27.5282	36.5931	68.0688	120.0249	105.2913	7.0427	22.0557
ZNF485	53.3005	79.9701	61.3281	40.7344	39.5245	89.5320	38.6473	48.4721	61.3186	41.4983	160.6516	48.3871	68.0400	50.6631	58.1151	80.7571	37.3506	34.2040	51.8439	68.1632	72.3427
ZNF506	296.0230	283.2586	118.3594	343.3327	105.4978	434.3206	191.4800	455.2160	455.4249	115.0853	240.6965	203.1063	300.2497	278.3490	237.8130	376.6562	146.2606	768.0348	206.8413	249.0096	177.7690
ZNF700	155.5282	284.0060	228.1250	125.1127	252.3031	266.5612	190.6017	242.3604	553.6538	140.1773	287.0383	218.0406	351.4357	128.7439	155.9931	195.5836	421.6773	139.3035	216.4618	243.7276	344.0689
ZNF711	17.7668	21.6741	23.8281	14.5480	67.4591	32.5571	29.8639	141.2013	344.6942	173.7137	371.8579	610.5137	53.6829	151.3932	2.2940	58.6751	13.6138	174.7512	142.1700	108.1557	94.3984
