ID	6848	5779	4507	A4T6	4418	A4T8	5429	8025	7458	5936	6207	6970	8615	A4TD	6745	4490	5126	1594	7146	5775	6594	1679	6774	4384	6849	5941	8505	8056	3396	5420	1677	7283	4675	7536	6743	7227	7974	7714	5643	7220	5375	6593	6981	6178	4250	4512	6595	6203	5072	7727	A4T9	7554	7154	4659	5930	5051	6761	A4VK	A4TC	4494	6214	A4P8
ALDH6A1	104.4497	285.4992	123.5316	268.2159	207.7906	263.2357	185.6071	110.5531	433.4321	274.1959	531.1429	881.6608	396.9412	311.3356	283.8526	195.6754	409.6099	547.6887	252.6368	250.6561	163.5704	396.0476	222.4814	917.6176	819.2881	419.9295	189.5168	235.6937	179.6442	202.8659	301.7068	218.7419	157.6208	261.8874	531.7146	268.8597	292.0796	927.5470	184.6085	184.0741	305.9156	190.2694	350.8772	522.1841	309.4852	131.3912	180.3151	622.3384	210.6005	419.0550	338.1800	517.7839	443.8756	514.5084	614.5163	200.0155	282.6324	371.8838	162.3066	159.5712	45.1295	310.5059
ANKLE1	116.3335	28.3552	18.3328	6.5874	18.6124	19.0866	1.5468	7.6641	18.5384	3.6550	4.3956	6.7459	25.6684	24.6427	111.0565	22.4656	0.7962	27.1226	35.8209	4.1770	14.7887	40.9170	5.5762	1.8326	8.8988	19.8718	106.0695	7.9681	11.8595	10.7403	37.1991	1.0025	12.7014	24.5668	73.6137	11.7484	171.6456	3.7594	23.6620	12.3536	52.1643	5.7729	13.1579	14.0406	20.2271	14.6042	34.7267	4.8143	9.6998	5.5046	32.2581	19.0095	21.4318	6.5401	15.9366	15.4919	86.5261	11.7130	53.2302	90.8497	39.1770	13.2179
ARHGEF10L	681.7035	337.9705	499.4811	1858.7374	637.1417	806.2992	320.9590	907.0310	936.5224	554.8246	302.8571	472.8558	894.1176	673.2380	629.4840	2162.3140	710.9873	509.8270	596.5174	271.0398	606.3380	1165.6994	556.6914	747.0984	714.1268	861.5385	890.9841	909.7523	788.9908	556.7042	183.8074	599.4987	542.7509	537.1432	805.7515	845.8880	772.6990	994.3609	50.7042	623.3432	405.1054	1383.5792	1111.4035	1102.9641	498.3835	1738.6626	382.6367	992.4347	677.1363	150.4587	1038.6300	349.1746	477.4520	483.9662	517.9403	202.9435	620.3483	654.4656	681.0737	561.9365	677.5492	1263.4458
ARMC6	680.7907	351.6039	758.8897	673.3138	397.1649	555.1454	567.6721	624.4119	387.9831	426.0965	1098.4352	430.6585	697.8342	784.1301	635.3808	976.3175	655.2548	509.4261	467.6617	790.8422	801.4085	503.1834	496.1524	607.8192	332.5918	496.7949	441.9151	568.4497	670.1275	894.9870	1022.9759	717.7043	846.2949	485.1639	375.4585	523.8424	742.0232	472.7444	1076.5127	377.3002	592.6748	774.8172	799.9386	457.0983	579.5971	786.1952	744.0514	460.7634	444.3048	152.2936	546.7662	460.1901	926.3283	539.6540	169.3134	553.0132	700.2750	374.8170	573.2484	1278.9011	885.8310	530.0820
BCO2	14.2371	11.4566	68.8343	24.1537	14.9564	8.3990	4.6404	108.6305	23.1731	10.2339	16.7033	5.7822	2.1390	22.6713	9.3366	27.1459	29.4586	5.5031	20.8955	2.3205	26.0563	26.4074	10.2230	15.2718	10.0111	5.1282	8.2499	23.5579	8.7268	5.3701	9.8468	7.0175	10.2230	1.7913	5.4259	19.3504	24.9827	64.8496	27.6056	48.3850	3.3296	26.2989	9.6491	11.7005	2.9843	16.1414	5.1447	12.3796	16.1663	19.2661	20.3106	3.0015	8.3346	9.4937	19.9208	6.1967	3.6664	27.3304	12.2839	1.9876	51.6286	56.9736
C14orf129	469.8227	522.9133	767.9004	289.4785	1794.4329	564.8294	4150.8121	421.8594	804.7670	834.7953	728.7912	969.8040	653.4759	509.1178	810.8108	921.0896	465.7643	1170.2044	598.0100	1020.1122	414.7887	644.5154	561.3383	726.9395	582.8699	683.3333	592.8108	477.0483	817.8563	2753.0901	946.3895	485.2130	489.4672	989.8380	975.0407	548.7215	288.0354	499.0602	286.1972	919.8301	2011.0988	494.5478	545.6140	637.2855	1175.4953	396.6180	660.4502	465.6121	618.9376	696.3303	813.2218	765.8829	749.5163	1223.2068	422.3206	629.7444	425.2979	524.1581	516.8335	1821.8215	743.4515	283.9562
C1orf86	852.6319	495.7038	842.1619	1289.1674	744.7113	1205.9171	734.0139	636.7777	398.6262	338.9035	350.8308	354.5390	871.5561	715.8502	250.6486	1254.4510	453.4713	327.4450	269.3930	668.9393	489.0845	544.2310	539.6654	565.4612	730.8343	386.2308	846.7590	363.5060	810.5124	537.6670	575.8425	561.4286	1342.2212	355.6482	582.7672	499.3642	455.5191	249.5959	438.1127	155.9233	1158.6459	646.5106	893.3947	534.7660	330.6806	890.6303	399.7878	464.2022	632.6143	95.4954	547.6344	344.0220	350.2605	675.1435	390.3012	524.8954	595.3804	768.9849	737.0473	787.6851	491.5253	557.7074
C7orf28B	1273.7973	775.7774	504.3238	175.6633	1305.5256	621.5223	961.3302	500.8331	439.9570	954.6784	824.6154	567.2984	1155.0802	504.1893	988.2064	890.1994	707.0064	1168.2390	803.9801	431.6216	1190.1408	1034.2426	944.2379	1078.1918	790.8788	770.5128	710.0766	776.0263	863.7279	577.2897	874.1794	562.9073	1081.1648	330.3725	707.5421	384.9343	834.1269	296.0526	619.7183	773.6456	875.6937	1033.3547	1121.9298	828.3931	1294.2054	638.7394	1272.6688	322.5585	802.7714	645.8716	1381.1231	616.8084	765.5901	763.2911	551.1416	982.9589	1415.2154	734.5046	1497.2702	2789.2383	1463.5183	530.0820
CAPN10	365.9760	516.9313	488.9346	678.3641	402.2135	777.4656	227.3705	768.8437	164.3102	200.3655	156.6242	318.4099	945.7166	559.6846	126.8894	341.0933	244.5541	582.6690	170.0697	191.3058	99.4930	131.6280	255.1301	453.5980	248.0534	289.8269	691.4673	437.2631	321.1255	260.2100	359.1028	175.0727	395.6041	447.8838	221.1015	195.5771	397.6652	122.1805	246.7324	663.3483	211.9867	406.1835	383.3333	162.6755	338.6189	253.1053	148.5531	163.6864	260.5635	68.8073	462.9590	161.0805	265.8431	348.1857	257.8679	612.3005	157.8222	567.4329	514.2311	210.1285	359.8755	619.3710
CARM1	2086.9842	870.7038	1098.9277	1385.1784	892.0648	1461.8373	1082.7533	1431.8560	946.7847	942.2515	1458.9011	878.5737	1251.3369	1558.4032	1251.1057	866.7977	1239.6497	820.7547	1264.6766	1430.3848	856.3380	1454.1497	1184.9442	568.7233	543.9377	962.8205	1248.6741	1085.3975	1516.6704	755.3992	1166.3020	1568.9223	1499.3804	1038.4599	920.7813	1164.4782	1651.5007	744.3609	1890.1408	744.3058	906.7703	1391.2765	931.5789	1039.7816	1077.6755	1508.8394	1241.8006	883.0812	913.1640	462.3853	1048.5862	1105.0525	1280.5477	1279.3249	1035.8806	1210.6894	1553.0706	766.7155	1498.1802	1961.2409	1082.3780	859.6171
CDK2AP1	1123.0521	1856.7921	5873.0543	1684.1720	3129.2065	1895.2231	2853.8283	1501.1663	891.8315	2048.2456	1852.3077	1179.8908	1862.0321	1665.8452	1719.4103	2650.9407	2783.4395	3376.9654	2013.4328	1603.0334	2883.0986	3389.4370	2852.2305	1236.4081	1251.3904	1599.3590	3300.5303	2352.6763	2591.8550	1357.7496	3907.0022	1655.6391	2298.3271	3070.8522	5703.2013	1631.6517	1341.4218	1968.0451	3611.8310	2119.6757	4057.7137	2472.0975	1525.4386	1385.3354	1463.3176	4633.3590	2584.5659	1494.4979	3262.3557	1570.6422	1178.4150	1294.6473	1565.7092	1995.3586	2875.2328	3817.9706	1464.3446	1221.5715	1846.2238	5266.1319	1399.1345	1262.9900
CGGBP1	1399.4184	1637.4795	2420.2698	1950.2397	2088.9107	1386.6667	1920.3403	1687.4375	2267.6488	2010.2339	1193.4066	1971.4102	1462.0321	1177.4273	3215.2383	1869.3625	1783.4793	1407.6336	1470.6468	3141.0915	1005.6338	1810.8009	1797.4257	1886.3775	1846.4961	1521.1731	1731.8798	2206.4819	1714.7080	2184.7506	2399.3435	1992.9825	1573.7299	1533.3789	1589.8101	2184.5197	1747.3224	2180.4511	958.8732	1691.4168	2107.6582	1218.0885	1121.0526	1506.2402	2330.4385	1464.2583	1899.6785	1792.9849	1406.9284	2633.9450	1579.4504	1796.4032	1605.5961	1821.3101	2037.2319	1697.9086	1993.7672	1977.5500	1295.2684	1914.3892	1319.8694	2004.5579
CHCHD8	944.6702	865.7938	2951.9198	1133.3943	1408.2260	852.4934	1779.5824	1125.9580	715.7163	858.1871	1417.5824	590.1060	554.5455	857.5653	882.5553	1399.4196	804.9363	1121.4623	627.3632	1449.4132	1252.1127	458.2124	1051.1152	607.2083	903.2258	683.9744	909.2516	565.7371	914.5223	2700.2837	2741.7943	810.5263	924.1016	1304.3445	1152.4688	841.0504	1070.1396	630.6391	702.5352	970.7888	1266.3707	1486.2091	1064.0351	1248.8300	957.9707	1360.4919	920.9003	627.9230	1026.7898	773.3945	570.6890	619.3097	1902.0688	1108.4388	1255.0092	1175.0581	625.4812	883.8458	1192.4477	2527.1527	606.7876	372.8350
COQ9	760.4260	1599.0180	2143.2030	1621.9579	2362.7752	1046.5092	1145.3983	958.3472	760.0761	1077.4854	956.9231	886.6046	1573.2620	1499.7536	637.8378	2295.2354	1050.9554	1379.7170	574.1294	627.9398	1100.0000	517.4115	833.6431	957.8497	1045.6062	747.4359	1297.5840	889.6588	974.9385	1625.3614	1016.4114	871.6792	837.6704	749.0320	356.4840	1222.5294	856.4643	786.6541	990.9859	1380.0026	1075.4717	850.5452	967.5439	1140.4056	745.4199	1823.9816	932.4759	872.0770	1202.3095	689.9083	942.2541	606.8034	1807.4118	1072.7848	1131.5004	1614.2525	613.7489	1217.1791	699.2721	1034.7129	759.8512	744.3026
COX7A1	51.0859	65.4664	172.6046	33.3028	62.4844	74.7507	134.5708	123.6255	79.1194	51.1696	25.0549	41.4391	48.6631	181.3701	57.9853	190.0215	82.8025	35.7704	5.9701	23.2055	39.4366	160.1857	230.4833	91.0202	74.5273	64.7436	78.9629	35.3369	112.7769	131.5683	102.8446	63.6591	149.3185	17.9133	48.8334	80.8569	61.4280	25.3759	14.0845	27.2809	196.4484	113.5343	52.6316	70.9828	89.5300	275.1729	219.9357	132.0495	104.8499	18.3486	115.0936	69.0345	25.5990	107.3840	111.5564	57.3199	47.6627	91.2640	209.2812	149.9255	42.5177	190.0638
CUL3	1446.3169	1270.8674	1920.4428	1408.9661	1677.4408	1420.6824	1389.0178	1595.1350	1491.3515	1679.0936	1006.5934	1484.7414	1404.8128	1030.0641	1739.5577	1585.6969	1541.4013	2182.3899	2340.2985	1521.8143	892.9577	2161.3465	1508.3643	1583.3842	1602.8921	2292.3077	1517.9729	1908.8862	1696.3527	1165.3197	1570.0219	1788.9724	3098.8228	1747.3149	2048.8334	1775.3974	1842.5446	2804.5113	2827.6056	2678.1624	2146.5039	2005.7729	1654.3860	1648.2059	2070.7950	1212.9131	1539.5498	1469.0509	1935.3349	2269.7248	1585.0259	1676.8384	2297.3657	1494.9367	1216.4957	1389.6204	1765.7195	1128.8433	1702.0018	958.0464	2703.2116	1285.3236
CXXC1	583.7191	1971.3584	1329.9896	877.5846	1691.7324	1310.2362	369.6829	966.6778	681.6188	797.5146	549.8901	1113.7167	1286.6310	1428.7827	559.2138	349.1529	449.8408	770.0472	245.2736	664.1404	471.8310	386.5351	572.4907	793.5247	826.4739	633.3333	593.4001	785.7267	1096.6659	806.4155	928.8840	368.9223	1015.4895	829.1301	527.4010	729.0947	683.6431	395.6767	825.9155	665.5514	517.2031	377.8063	730.7018	567.8627	459.9188	598.0015	558.1994	656.8088	667.4365	223.8532	713.2616	596.2981	452.4483	905.6962	861.9058	932.6104	610.0825	1665.6906	872.1565	738.2693	633.2093	1129.4439
DDX10	1624.6988	665.3028	1642.3383	460.7502	497.8812	503.5171	610.2088	679.1070	562.4431	595.7602	897.5824	429.8105	243.3155	374.0759	619.1646	531.6859	456.2102	565.6447	970.6468	1273.5158	642.2535	356.6454	805.7621	315.2108	231.3682	436.5385	383.6181	342.9759	479.5256	444.8263	687.0897	402.5063	379.4919	936.8658	491.0472	441.6033	692.7544	309.2105	646.1972	522.4553	608.2131	644.0026	730.7018	876.7551	565.3652	488.0861	672.0257	355.5708	623.5566	505.5046	460.3744	594.2971	1890.1622	430.8017	439.5852	445.3912	379.1017	325.0366	596.9063	272.5918	558.1960	282.1331
DYNC1H1	9924.0621	5715.2209	5312.0028	9390.3019	3788.9489	9529.0289	3073.4725	6250.5831	10729.7856	10149.8538	9577.5824	11347.2535	6288.7701	7130.6062	10750.8600	7676.6826	4781.8471	6042.8459	7812.9353	17522.4455	6037.3239	10988.3923	10619.8885	8321.3195	6122.3582	8506.4103	9389.5109	6977.3082	4240.3222	2022.7515	4387.3085	9605.0125	7023.2342	25864.5089	7108.5187	8366.9661	8987.2912	9371.2406	6901.4085	6471.2392	7739.1787	7351.5074	8128.9474	11154.4462	5950.7585	8240.5842	10672.0257	9093.5351	9469.7460	6070.6422	10303.0665	8907.4537	8888.8227	7376.7932	7186.0900	9353.9892	6180.0183	9195.7052	6106.4604	4732.5903	7972.0598	8038.2862
ECHDC2	381.8880	513.9116	557.2466	2621.0430	631.4915	1004.9344	566.1253	621.4595	1001.4069	407.1637	439.5604	342.4350	1184.4920	959.5860	113.5135	394.0841	209.3949	541.2736	362.6866	142.0174	476.0563	256.2391	363.3829	850.3360	842.0467	542.3077	913.3765	981.4654	698.1428	364.2743	513.1291	607.5188	936.1834	33.5235	237.1134	953.0062	439.1070	597.7444	425.3521	483.8502	315.2053	1050.0321	713.1579	491.4197	222.1670	1077.6326	113.8264	396.8363	424.0185	915.5963	615.2927	262.6313	184.5513	532.9114	450.2097	766.8474	421.6315	926.7936	1048.2257	333.6409	423.9617	1585.2325
EDEM2	1143.1515	994.2717	1489.4500	1204.7575	2126.1321	720.6299	1464.8105	892.0360	697.5089	1832.6023	1178.4615	1981.0472	1069.5187	1186.2987	851.1057	1106.4308	1511.9427	1927.2799	771.1443	759.7469	1154.2254	1228.9611	973.9777	952.9627	1748.6096	1330.1282	1628.7566	942.3177	1222.4211	3532.6549	1910.2845	937.8446	2289.6530	936.8658	827.4552	791.9834	1138.3275	1068.6090	669.2958	1799.5110	2557.1587	1023.0917	1112.2807	909.5164	1865.2077	1393.5434	1124.1158	1374.1403	1433.2564	702.7523	1168.0605	950.4752	1100.1637	1082.0675	1095.6430	1118.5128	425.2979	1739.8731	1359.4177	1163.3421	900.7668	923.4275
EIF3J	1941.2638	1177.5777	2134.2096	784.2635	1958.9531	1324.9344	1430.7811	1518.4938	1595.6302	2150.5848	1008.3516	1652.1041	894.6524	920.1577	1007.3710	827.4829	1104.2994	2168.2390	1163.1841	1757.1177	1365.4930	1184.2716	1297.3978	1118.5095	1004.4494	1389.1026	1546.2581	1199.7228	1241.2173	2268.8827	1253.8293	1493.7343	1183.3953	1375.7418	1516.5491	1427.0905	1486.9091	1145.6767	2978.5915	2770.2998	1134.2952	1114.8172	992.1053	947.7379	1312.7746	1036.8947	1762.0579	1007.5653	2684.0647	1245.8716	1016.3282	990.4952	3509.4508	1477.8481	1256.3373	1127.8079	1525.9395	1183.0161	1027.7525	1596.6494	2296.2569	822.2425
EIF3M	3292.8373	2441.5221	3671.0377	1735.6926	3361.4524	1756.1743	5289.0410	2095.2549	2803.8567	3032.0687	3386.7297	2293.4950	1183.9091	1782.0798	2116.9238	2214.5652	2665.4777	2820.2712	2828.2687	5202.0152	1679.5634	1899.5270	1928.3736	1931.4905	1953.1257	2692.7756	3274.5256	1428.8793	2376.4354	3694.4213	8243.6980	3104.6667	1686.6326	3588.1296	2277.7591	2632.1838	1748.7244	2382.4624	5647.8254	2085.5746	4994.0844	1546.4080	2118.3509	2355.5928	2518.9953	2733.9124	3676.9968	2366.4718	2349.5889	3293.4954	1453.5564	2796.3232	2327.6619	1895.0570	1677.2369	2236.0806	1695.2374	1638.8189	1735.1410	2790.8852	2879.8937	1633.0356
ENC1	1082.7361	1954.5663	658.5887	1841.5151	493.1915	1513.7974	2305.4911	2612.5325	2747.6355	1661.3743	900.0791	1652.7498	1127.9091	1878.4278	2166.5455	1639.0527	890.1274	662.5708	773.0846	776.6590	568.3099	1854.7272	2847.4628	1626.0538	1927.4527	4960.7756	1261.1903	2634.6614	2562.9201	1143.3200	921.2254	3994.0451	983.4511	1832.1012	1219.1264	4598.7560	1535.1815	2138.5338	286.7606	948.0221	1110.7769	2014.6504	3441.0088	3506.1076	2298.4498	1939.2314	2230.2701	1710.9354	953.2379	1569.7248	3455.0219	3506.9585	1018.5504	2321.2700	1051.5384	3291.9520	3405.0816	2439.3411	2685.2684	3363.8220	1066.6586	834.7493
ESYT1	2969.6814	2176.7594	2553.4417	1868.9844	2424.5949	3251.6535	1748.6466	2071.9760	2677.8118	2407.8947	3125.2747	2487.3113	2529.4118	2201.0843	4925.7985	1370.4016	4611.4650	3283.4119	2441.7910	3988.0910	4452.1127	3332.8497	2982.3420	2156.3836	2105.6730	3041.0256	2267.5309	2333.2756	3639.2929	1962.7850	2066.7396	2728.8221	2171.3135	2546.2483	2454.1508	2770.5598	3422.9182	2398.4962	2325.6338	2204.6069	1954.4950	3534.3169	2342.9825	2648.9860	3803.3657	1639.5081	4700.9646	4350.7565	2648.4988	2692.6606	3170.8483	3388.1941	2437.2675	2339.4515	1440.9365	2014.7173	4618.8818	1703.7579	2536.3967	3972.1729	3044.8713	3094.3482
FAM164A	134.8332	503.2733	166.7243	242.2690	158.8700	92.8084	324.0526	498.1673	247.2896	227.3392	182.8571	373.2734	145.4545	318.3834	227.5184	181.5969	355.8917	186.7138	366.1692	363.8617	169.0141	123.6216	256.5056	175.9316	164.6274	252.5641	117.8550	492.2917	486.4623	440.3512	354.4858	315.2882	153.6555	277.9121	129.1373	304.7685	341.2337	183.2707	238.3099	190.9664	208.6570	314.9455	421.9298	260.5304	523.2529	166.0261	198.0707	251.0316	169.0531	313.7615	290.7208	517.7589	150.6177	239.8734	225.7689	310.6119	432.6306	180.0878	366.2420	141.1230	230.2027	445.3054
FAM3C	1082.8534	2013.0933	1284.3307	879.0485	5463.7308	1682.7297	3080.4331	3179.2736	3301.8290	1758.7719	1861.5385	1274.0122	1476.4706	763.4303	8479.1155	4126.1818	7579.6178	834.5126	3599.5025	1875.0015	13987.3239	2992.4550	2399.6283	886.3775	1558.3982	1793.5897	1148.4973	1472.3714	3597.4491	1017.6409	2733.0416	1624.5614	3193.9281	1203.0064	1443.2990	2228.0581	2163.7922	1525.3759	2956.0563	1746.4934	10394.0067	3729.9551	2418.4211	2417.3167	4967.9184	1451.1914	1666.2379	2185.0069	1037.4134	2246.7890	4227.0012	2519.2596	1845.5127	1382.2785	2256.3605	1654.5314	3582.0348	683.7482	3607.3703	4326.2583	4280.6165	755.6974
FBXO28	1674.9472	1326.5139	1094.0851	955.1693	842.8749	1226.2467	1116.7827	1181.9394	1921.0461	1249.2690	1809.2308	2413.4276	1194.6524	853.1296	1200.4914	1282.4113	1074.8408	1179.2453	1548.2587	1392.7919	1014.0845	1674.6953	1044.6097	1455.7117	1429.3660	1333.3333	996.4643	1396.5010	1004.9228	899.4979	1102.8446	1852.1303	1123.9157	1516.2333	2411.8285	1140.9813	2159.0896	1337.4060	803.3803	1061.8968	830.1887	1186.6581	1335.0877	1467.2387	1846.3069	623.3666	2383.2797	810.8666	1227.2517	2196.3303	1081.6408	1789.8949	1437.7139	1268.9873	841.9850	1176.6073	1334.5555	1209.8585	1610.5551	1163.3421	1288.2849	817.2288
FUNDC1	278.8787	327.3322	325.4929	409.8811	338.0141	255.3281	466.3573	266.2446	264.1728	373.5380	110.3297	206.2319	298.3957	275.5052	244.7174	550.4072	276.2739	487.0283	388.5572	334.6228	796.4789	203.4243	259.2937	282.2236	438.2647	204.4872	254.5669	428.2002	360.9309	323.1032	384.0263	352.3810	366.4808	362.6165	352.6858	254.3193	247.7692	337.4060	504.2254	440.0978	488.3463	354.7146	405.2632	659.1264	366.4097	727.1330	336.3344	381.0179	285.9122	417.4312	244.5241	239.1196	285.7568	229.9578	252.3299	518.9775	315.3071	267.9356	256.1419	466.8134	241.1358	209.2069
GPM6B	347.5515	256.1375	35.2819	300.0915	76.7761	39.4751	41.7633	164.2786	159.2320	81.1404	36.0440	157.7257	63.1016	128.6348	87.9607	53.3558	109.8726	229.9528	8.4577	1101.7954	29.5775	103.8886	266.7286	223.5797	74.5273	51.9231	51.8562	68.9416	171.8505	65.3367	138.9497	128.3208	143.1227	466.2577	41.7797	73.9461	71.7149	71.4286	212.9577	80.8133	1114.3174	43.6177	51.7544	45.2418	63.3342	84.5503	381.9936	335.6259	81.7552	127.5229	86.0215	74.5373	80.3691	187.3418	46.4818	96.0496	26.3978	84.4314	72.3385	99.3824	96.2721	466.2716
GPN1	1221.9912	642.0213	832.9298	638.4593	1831.9435	1012.4766	1626.4501	1270.3166	883.5554	1100.8772	1224.2989	1014.9438	752.2299	564.3174	1549.2875	1052.1389	1970.9634	1870.1769	2465.1741	1544.5557	2765.4930	1172.0836	838.2900	808.2590	704.1157	1003.2051	850.2004	1014.0897	1477.9011	2031.7017	1815.0985	1231.5789	726.3042	1390.0724	1247.4227	827.6158	1076.0178	866.5414	1477.1831	816.8833	1820.1998	1164.0475	1379.3421	726.7629	2276.1602	633.3590	1324.1158	674.5736	1354.7344	1332.7156	1190.3624	883.7919	961.4526	910.6034	828.7045	639.0395	1247.2961	973.7433	1098.2712	1602.6123	2296.3055	466.0757
HEXDC	148.2328	336.3748	656.8661	757.5480	428.4171	482.0997	135.3442	464.1986	290.6563	192.9825	269.1033	162.2229	627.8075	2787.5801	237.3464	300.4774	209.4268	228.3805	523.8806	124.8454	421.1268	172.6640	138.4851	434.3311	382.6474	230.1538	228.6388	245.2798	341.5261	272.0869	304.1575	186.9674	751.9610	301.9671	181.7689	392.5363	486.4271	286.6541	258.0732	212.5853	236.4040	232.8416	313.1579	105.3198	323.9957	428.1322	133.1190	204.9519	174.5958	98.1651	636.7981	213.6068	81.5598	2036.4768	131.4772	3447.7149	404.7663	929.2338	461.7834	338.4681	220.1807	970.8295
HMBOX1	134.8332	153.8462	80.9409	121.1345	54.8400	71.3911	84.3001	54.6485	138.3762	189.3275	100.2198	225.1847	71.6578	52.2425	61.9165	27.1459	64.4904	123.0346	67.1642	94.6783	52.1127	103.5984	70.6320	106.2920	124.5829	55.7692	70.7130	188.4635	66.0103	111.8778	72.2101	63.6591	92.9368	76.5154	109.0613	112.6469	151.9534	137.2180	81.1268	84.9312	83.2408	45.5420	66.6667	53.8222	94.5039	31.5142	61.7363	95.5983	123.7875	217.4312	56.1529	102.0510	137.5205	84.5992	112.8844	137.1030	38.1302	59.5412	63.2393	57.3578	46.1620	103.0082
IMP4	824.0740	594.9264	1316.4995	611.8939	1235.0644	783.6220	979.1183	885.3715	590.9129	766.8129	1339.7802	802.1201	773.2620	710.2021	506.6339	1309.5572	699.8408	545.9906	1176.6169	814.0477	1311.9718	579.2223	705.3903	566.2798	726.3626	766.6667	831.4673	493.3310	685.3882	915.6083	1379.6499	1117.7945	889.4052	632.3397	540.4232	575.6738	613.6917	468.0451	994.9296	695.4060	1009.9889	1093.0083	663.1579	972.6989	918.8427	1036.8947	867.5241	495.1857	1031.8707	283.4862	621.2664	422.7114	923.9470	788.6076	657.3858	687.0643	696.6086	493.4114	884.8954	1314.4034	1142.2064	418.4139
INTS2	375.1882	527.0049	250.7783	319.8536	358.6207	285.1444	262.1810	431.1896	510.8003	388.1579	409.2308	451.6544	347.0588	382.9473	466.3391	326.6873	313.6943	410.3774	521.3930	229.7341	457.7465	322.6930	320.6320	361.0263	412.6808	457.6923	400.1179	532.4788	509.0624	349.0589	320.5689	412.0301	328.3767	596.0012	531.1991	268.8321	759.4728	356.2030	467.0423	555.9130	231.9645	256.5747	430.7018	328.3931	565.0336	164.4889	300.9646	238.6520	572.7483	533.0275	530.8642	421.7109	553.6538	315.6118	371.8546	223.0829	321.9065	495.3636	193.8126	264.6412	490.7752	278.4868
IP6K1	969.7944	1017.1849	620.5465	854.1629	1428.5002	1127.1391	743.2328	1187.9374	1230.8202	1001.4620	841.3187	1083.5207	1049.1979	1090.6851	1044.2260	756.3419	1027.8662	895.4403	899.0050	1575.1869	638.0282	1194.7185	1552.9740	1494.1967	1186.8743	1310.8974	1484.3842	1201.4550	1151.4880	727.6535	894.9672	1599.4987	964.9938	793.0476	1268.0412	1306.1507	1289.6930	1249.0602	740.2817	896.1524	365.1498	1077.6139	863.1579	811.2324	1014.6730	1114.5273	1010.9325	1303.9890	985.6813	1298.1651	907.2083	1222.1111	842.9826	1427.2152	1211.1835	1399.6902	1452.6123	1051.7326	1171.5196	968.8365	1084.2001	1386.5087
ITGAE	358.4387	282.3241	974.4033	159.1949	524.1379	166.7192	261.4076	199.6001	383.6795	325.2924	101.9780	336.3315	167.9144	265.6481	368.5504	144.1543	402.0701	318.3962	143.7811	177.7539	356.3380	138.1312	231.4126	304.2150	347.0523	608.3333	213.3176	145.1585	324.9049	843.1115	864.3326	197.4937	492.2553	343.1677	283.7765	136.8348	366.5103	140.0376	304.2254	1045.4253	1624.8613	202.6940	265.7895	151.3261	581.9448	135.2806	212.2186	464.9243	251.7321	270.6422	337.7141	193.0965	218.4849	337.1308	430.2889	230.8288	468.5610	286.4812	397.6342	394.6901	176.7520	379.2160
KIAA1430	1915.3021	752.8642	635.7662	653.2479	825.5920	640.8399	904.0990	670.1100	1823.3882	754.3860	2587.6923	1203.3408	546.5241	531.7891	1467.8133	721.7074	930.7325	611.2421	1893.5323	903.6207	998.5915	813.6970	1010.2230	1121.5638	1096.7742	650.0000	657.6311	1648.3631	1217.4983	904.8680	764.7702	2107.7694	678.1289	447.5767	584.9159	1172.7713	1026.0525	1460.5263	775.2113	881.2251	539.4007	680.5645	764.0351	1150.5460	1072.3701	384.3198	810.2894	739.3398	794.9192	1279.8165	692.5528	1461.7309	1996.7257	716.8776	467.4743	506.5840	1091.1091	885.3099	826.2056	1151.1322	580.6697	773.9289
LAMA1	535.9831	56.4648	56.7278	8.4172	11.9651	39.4751	6.9606	13.3289	36.0838	323.0994	12.3077	66.8166	2.1390	33.0212	70.7617	25.2738	52.5478	19.6541	28.3582	248.2985	85.2113	172.0836	342.0074	28.1002	6.6741	33.9744	44.7849	183.2669	72.4994	17.0054	14.2232	46.1153	23.2342	11.2598	62.9409	41.4651	37.9149	5.6391	571.2676	14.4126	6.6593	24.3746	7.8947	98.2839	29.1801	22.2905	110.6109	19.2572	194.4573	27.5229	32.2581	56.5283	22.6224	32.2785	62.4184	14.7173	18.3318	182.5281	167.4249	5.1111	70.4578	49.2252
LRP1	12633.2892	10764.3208	2488.4123	4389.3870	2503.3652	7683.7795	2651.1988	4728.7571	8803.4429	11486.1111	5697.5824	7256.0231	6332.0856	12223.7555	8938.0835	5814.8460	7415.6051	6229.1667	5002.9851	9464.5803	7261.2676	23420.4875	40801.1152	7484.4227	6226.9188	9786.5385	14757.2186	8084.8779	7234.7281	1532.2790	1448.5777	5861.1529	6976.4560	5735.8402	16777.5366	7890.8086	8039.1258	6542.2932	4102.5352	3752.9276	2217.5361	12488.1334	9158.7719	13017.1607	4087.2088	7252.8824	8958.8424	14903.7139	7213.8568	1404.5872	10768.2198	11835.4177	4179.7887	7666.2447	11759.9015	2865.2208	3905.4079	4521.7179	12706.5514	1713.0688	3772.2269	18499.5442
LRRC59	7299.1016	3520.0655	6996.7243	3000.6661	5985.0337	5875.9139	4346.4888	6315.5182	3171.1264	4930.5629	4936.7473	4198.2975	6104.4439	4760.7245	5988.1622	5083.8809	4755.8280	8289.3396	5415.6915	3105.1556	9408.9507	6445.3743	5204.9442	2455.5406	3697.1301	4328.8205	6753.3530	4356.5980	8103.6227	5126.0013	3577.0460	4869.9549	4707.2522	3429.3077	10071.7634	2960.5667	7039.1993	1923.7030	3670.6366	7217.3877	2449.7114	6080.5003	6085.3947	3213.8300	5990.7950	3667.3636	5494.6367	2617.2971	6150.4296	5374.4312	4201.0793	3664.0170	7778.6337	8314.7637	5734.0775	4243.5941	4505.3052	5062.9966	4564.8999	5928.0358	5692.1600	1375.9799
MAP7D2	59.4606	41.7349	17.2951	190.6679	3.9884	129.3438	10.8275	35.3216	2018.0419	16.8129	8.3516	4.8185	114.4385	5.9142	259.9509	111.3919	5.5732	207.5472	555.2239	4.6411	210.5634	337.7829	13.0112	58.0330	18.9099	21.7949	55.3919	25.9830	38.7111	8.0552	148.7965	61.1529	9.2937	486.7301	542.5936	248.0995	4.1148	281.0150	71.5493	31.9135	3.3296	78.8967	228.0702	120.1248	110.7519	146.0415	45.6592	181.5681	57.2748	752.2936	326.5631	150.0750	8.9299	15.8228	25.2330	6.9713	10.2658	17.0815	189.7179	157.3082	416.0656	6.3810
MDP1	74.5854	121.6858	258.0906	504.4758	159.5181	107.0908	249.2421	115.0583	100.6671	110.3874	91.9385	127.8156	107.3904	227.7279	84.5700	274.8853	120.2627	145.9159	98.6667	196.2254	272.8662	114.2484	105.8643	105.4856	153.3482	121.1538	90.2239	72.1081	160.4229	436.7264	745.7549	94.4211	127.4133	184.9702	113.1308	166.3442	120.3165	141.3346	69.5493	81.6214	1346.5150	166.1450	194.3596	126.4977	198.3818	203.3205	142.0707	179.5667	103.6536	215.4495	210.7049	118.3592	112.1119	167.9937	152.1682	140.3331	91.6517	147.1254	140.8462	324.1400	82.3962	161.6226
MEA1	1248.5726	1180.8511	2943.9225	1564.8307	1512.5318	770.9984	1447.7958	1129.8834	766.6970	1195.1389	2079.1121	1046.8519	1356.6524	1314.4012	757.2285	1989.0855	1024.6815	1292.8459	1267.6617	1282.2875	1616.1972	1102.6872	937.7323	769.6762	1220.2447	1798.4551	931.0548	803.7416	1445.2115	1644.1210	4458.3589	1474.1654	1159.5415	1441.4990	918.6110	995.1624	740.3302	775.3383	693.4986	1613.1772	5005.5161	1324.5350	1424.5614	1286.2402	1223.8514	1804.7656	1590.3280	841.8157	1134.3695	1111.9266	956.5910	774.8874	975.7404	1151.0549	909.7157	859.0240	1612.4363	860.4197	969.9545	2983.1533	1441.6400	552.4157
MEAF6	788.0627	2830.6056	1373.9191	3139.2498	1243.3735	1186.7717	1694.5089	1250.2499	1614.8308	873.5380	1843.0769	1057.1796	802.6738	749.1375	1189.6806	2429.0930	1141.7197	2263.7579	870.1493	1466.1212	942.9577	1504.3529	1290.8922	1210.1405	1696.3293	1442.3077	1015.3212	1255.1533	1257.1045	1130.4138	1382.9322	1424.0602	1587.9802	1182.2781	844.2756	1316.5169	989.6072	1193.6090	885.6338	878.6514	2116.5372	1316.8698	1627.1930	2134.9454	1080.6599	2189.8540	1057.2347	1118.9821	1221.7090	2206.4220	1140.5814	1366.1831	1099.5684	1209.4937	990.7269	1172.7343	898.9918	927.2816	710.6460	1290.8355	1570.1162	948.9517
MED20	599.6311	513.9116	682.1169	587.0082	591.6078	338.4777	666.6667	356.8810	246.6275	470.0292	543.7363	788.6283	552.4064	464.7610	360.6880	512.9645	317.6752	628.9308	855.7214	552.7541	715.4930	473.0122	459.1078	593.7691	468.2981	866.0256	530.3477	666.8976	285.5225	630.0960	1205.6893	568.9223	281.9083	619.2885	551.2751	357.9820	238.0700	301.6917	268.1690	1725.9040	753.6071	426.5555	408.7719	712.9485	545.1380	369.7156	721.5434	275.1032	510.3926	442.2018	447.6304	477.2386	633.4276	419.4093	648.0894	332.3005	724.4730	401.1713	291.1738	366.8631	577.3290	236.5542
MME	2034.2234	56.4648	88.2048	22.6898	93.3943	57.1129	219.6442	72.9757	360.8375	411.5497	76.4835	56.8583	262.5668	44.3568	199.5086	97.3509	292.1975	307.3899	122.8856	1919.0918	55.6338	3507.2548	231.4126	324.3739	144.6051	178.2051	338.8332	136.1510	421.7946	144.0987	168.4902	276.1905	204.7708	9.2126	146.5003	98.1341	81.4141	20.6767	9.5775	36.5461	138.7347	524.0539	535.0877	668.4867	320.6499	272.8670	763.9871	1887.2077	174.1339	348.6239	1123.0585	226.1131	81.5598	104.0084	795.5032	137.1030	170.1192	31.2347	652.8662	80.6417	2061.4987	947.5843
NCF4	309.8652	351.8822	476.6517	402.9277	466.6390	129.3438	122.1964	161.6128	301.2497	217.1053	137.5824	250.2409	98.9305	410.0542	529.2383	1271.1785	817.6752	218.9465	118.4080	183.3232	219.0141	234.7649	263.0112	267.5626	294.7720	472.4359	139.0689	202.6676	525.6209	1335.3740	341.3567	310.7769	417.2862	220.5896	206.1856	300.6220	544.9159	223.6842	130.1408	72.5775	401.7758	692.1103	212.2807	266.7707	371.0520	588.7779	237.9421	555.7084	257.2748	177.0642	893.2696	197.0985	83.9411	375.9494	313.4203	191.3246	274.2438	241.5813	314.3767	309.2213	86.5538	746.5816
NFS1	436.3237	378.0687	708.4054	945.6542	778.0640	565.2493	320.1856	469.1769	266.1591	815.0585	1029.0110	626.4054	529.9465	664.3667	331.8428	657.1188	783.4395	473.6635	720.3980	371.7515	1036.6197	541.7876	418.2156	548.5644	740.8231	501.2821	569.8291	392.5169	431.4164	401.8652	821.6630	468.6717	816.6047	649.7412	455.7786	264.6856	460.8566	424.8120	612.9577	974.3920	731.4095	410.5196	611.4035	719.1888	524.2477	1001.5373	540.8360	326.6850	499.3072	649.5413	551.1748	426.7134	757.2555	422.7848	655.9781	389.6204	416.4986	400.1952	444.9500	484.7022	692.1266	343.2088
NR2F2	1022.5553	1157.1195	547.2155	431.8390	1404.5700	658.0577	741.6860	1010.9963	1169.9081	2038.0117	859.7802	1949.2451	433.6898	940.8576	1801.9656	761.9583	869.4268	512.1855	1620.3980	1496.2883	846.4789	914.9739	1372.6766	1055.5895	412.6808	901.9231	1670.0059	976.2688	610.2036	895.0228	532.8228	705.2632	498.7608	542.2613	799.2404	1082.2391	3879.3661	1343.0451	554.3662	1917.8999	551.6093	933.2906	507.8947	755.8502	934.4276	735.5880	1436.0129	1132.0495	1098.8453	612.8440	755.8742	801.4007	1451.4065	662.6582	1351.9571	507.3586	456.8286	1102.0010	518.6533	451.1961	3007.8202	1797.6299
OSBPL1A	710.1776	1078.5597	477.3435	559.1949	878.4379	280.1050	664.3465	228.9237	669.3702	480.2632	519.1209	862.1908	1176.4706	578.1173	932.1867	307.9659	609.0764	560.9277	39.3035	555.0747	359.1549	488.6825	855.9480	1178.3751	1013.3482	487.1795	463.7596	2113.6324	558.9617	294.4625	609.4092	602.5063	801.7348	289.9396	527.4010	716.6551	871.7478	460.5263	851.8310	969.2446	288.5683	657.4727	521.9298	652.8861	611.4565	558.0323	711.8971	1180.1926	633.2564	1077.9817	515.7308	1610.3052	356.0054	1253.7975	799.4874	422.1534	374.7021	377.7452	471.7925	423.0851	1933.0347	982.6800
OSBPL5	365.9760	381.3421	1283.6389	819.7621	626.5060	694.5932	929.6210	655.7814	473.0613	1008.7719	318.6813	644.0732	1673.2620	2065.0567	247.6658	673.0319	302.5478	187.8931	657.7114	511.4484	410.5634	891.1782	768.5874	883.3232	658.5095	669.8718	628.1674	680.4088	493.6227	152.1539	156.4551	890.2256	720.5700	347.0063	274.5524	526.6068	700.6901	625.0000	369.5775	307.8111	186.4595	474.0218	322.8070	793.2917	829.9760	679.4773	627.0096	533.0124	422.1709	92.6606	569.8925	1145.5728	225.0335	2730.1688	328.0289	5034.0821	632.0807	1040.0195	764.3312	406.0481	939.3364	686.8733
PHC1	705.7306	792.4795	91.1519	1558.6496	290.0108	320.4409	121.7633	243.1523	319.8742	447.7778	92.7648	181.9017	820.8556	602.9768	189.1155	350.1919	219.9522	827.8774	433.5522	936.4658	162.4930	185.7052	420.1394	444.8687	534.0601	248.1218	289.9529	509.2084	340.2998	200.6462	282.4179	177.8747	368.3643	425.5075	302.6641	248.0028	434.9128	441.8421	935.8085	273.0768	517.5694	230.4490	382.2632	392.2621	183.0722	423.8970	275.0868	391.5337	232.6790	365.9817	299.3070	272.7914	364.3816	411.0802	317.9755	360.1859	52.5463	820.4734	233.5942	154.7554	259.2575	776.6044
PHTF2	1036.7923	703.7643	522.3106	490.0274	1088.1595	471.6010	531.3225	756.7478	616.7343	529.9708	497.5824	683.9062	309.6257	645.6382	586.7322	615.9319	452.2293	984.2767	602.4876	568.5339	744.3662	1026.6976	1625.4647	288.3323	707.4527	617.3077	587.5074	1290.8367	872.9022	1163.5296	1075.4923	567.4185	754.0273	482.3797	1079.2187	604.0083	678.0588	494.3609	974.6479	466.3492	3283.0189	543.2970	2954.3860	785.4914	736.1353	719.4466	569.1318	482.1183	958.8915	944.0367	678.2159	1262.1311	443.5184	1142.6160	492.7073	718.0480	404.0330	328.4529	734.7589	994.3920	403.0066	606.1987
PIK3C3	818.2117	1237.3159	363.5420	213.3577	504.8608	466.1417	400.6187	333.2223	644.2109	461.2573	327.4725	811.1147	413.3690	386.3972	519.4103	258.3544	601.9108	573.5063	236.3184	522.1229	302.1127	449.2165	503.7175	497.2511	430.4783	485.2564	426.6352	638.4895	823.6742	782.2499	458.4245	261.6541	394.9814	516.6709	438.9582	520.3870	484.0758	355.2632	804.5070	556.4277	428.4129	282.8736	339.4737	380.6552	525.2425	166.0261	495.8199	455.2957	433.2564	432.1101	311.4297	926.4632	316.7138	504.8523	467.4743	259.4888	355.6370	494.3875	390.3549	292.7522	589.1732	484.0474
PIPSL	319.0774	234.0426	342.7880	226.5325	441.3793	506.0367	256.7672	165.6115	207.8954	184.9415	176.7033	266.3026	209.6257	247.9054	161.1794	307.9659	167.9936	194.9686	501.9900	137.3763	188.7324	137.2606	119.8885	219.9145	334.8165	277.5641	205.0678	351.2905	124.8601	325.7883	277.8993	370.4261	310.7187	225.4517	400.4341	216.3096	129.0281	170.1128	82.8169	337.6657	243.0633	212.9570	167.5439	396.2559	176.7388	255.9570	134.4051	125.1719	346.8822	165.1376	170.8483	283.1416	274.4456	147.8903	261.6263	329.2022	392.3006	230.8443	181.0737	224.3203	175.8409	110.7566
PLCD3	375.1882	150.5728	1035.9737	66.6057	1021.6867	899.9475	2104.4084	314.2286	175.1221	749.2690	458.0220	426.5981	153.4759	531.7891	351.8428	322.9430	259.5541	208.7264	326.3682	1455.9108	108.4507	597.2142	771.3755	301.7715	139.0434	294.8718	1373.0112	102.1999	179.4585	251.5014	129.1028	192.4812	665.4275	44.5274	235.4856	286.8003	452.6270	155.0752	893.5211	742.2468	116.5372	522.1296	220.1754	180.1872	582.2764	585.7033	1569.7749	410.5915	534.4111	55.0459	428.5145	213.6068	684.0304	276.3713	228.4250	239.3493	107.0577	314.2997	400.8189	274.2954	1878.0654	436.6454
POC1A	343.3642	142.3895	265.6520	77.9506	270.2119	123.8845	358.8554	238.9204	67.2019	143.2749	187.2527	188.8853	145.4545	139.4776	167.5676	102.0313	235.6688	227.2013	240.2985	334.6228	184.5070	149.1584	123.6059	59.2547	42.2692	164.7436	227.4602	71.0203	425.1510	266.7168	584.2451	170.9273	98.5130	337.7937	231.1449	175.5356	219.5535	40.4135	206.1972	188.3927	208.6570	202.0526	221.9298	67.0827	548.4540	211.3759	231.5113	129.9862	497.9215	182.5688	170.8483	156.5783	350.0521	279.1139	223.1128	329.9768	291.8423	228.8921	232.4841	548.5909	280.9202	40.1094
POLR3G	595.4437	59.7381	52.5770	21.2260	152.2227	172.1785	67.2854	105.6315	70.1812	120.6140	283.0769	95.0851	59.3583	97.0922	180.8354	53.3558	58.1210	108.8836	77.6119	495.2046	45.0704	35.1132	86.4312	40.9285	50.0556	66.0256	103.1232	15.5898	81.0025	219.2806	136.7615	41.1028	50.8055	89.8224	53.7168	31.7899	92.2889	24.4361	33.8028	56.1060	251.9423	42.3348	43.8596	47.5819	159.8276	51.4988	134.4051	94.2228	88.6836	102.7523	58.1442	42.5213	224.4382	98.1013	59.7623	92.9512	217.7819	16.1054	86.4422	94.2713	67.1172	55.6062
PPP1R3F	262.1292	101.4730	100.6572	65.5078	92.0648	268.7664	17.7881	80.6398	54.9532	143.2749	94.5055	48.5063	202.1390	137.9990	33.9066	72.0771	51.7516	10.2201	61.1940	58.9419	180.9859	172.0836	73.4201	171.6555	45.6062	30.7692	73.6594	40.5335	98.9036	33.1158	14.2232	66.6667	346.0347	133.3262	51.5464	50.4492	100.2246	39.4737	28.1690	5.6621	18.8679	90.4426	78.9474	77.2231	34.8172	242.1214	55.9486	55.0206	62.8176	23.8532	88.8092	91.5458	58.3420	51.0549	114.2125	213.7878	269.8442	87.3597	103.7307	105.9133	130.2862	88.4230
PSME3	3990.5617	1743.0442	2857.4888	1877.0357	3754.7154	3257.9528	2389.0178	2884.0387	2499.0482	3442.2515	3735.3846	2953.7424	1535.8289	2427.7969	3615.2334	3193.8594	3529.4586	4868.3176	2588.5572	2062.9657	3323.2394	2290.4817	2335.5019	2513.1338	2548.3871	2612.8205	3232.1744	2019.0542	3664.5782	2342.2746	2341.3567	2557.3935	2867.7200	3248.9617	3373.8470	2118.1755	3957.5471	1984.0226	5614.0845	3863.5954	1538.2908	2976.9083	2781.5789	2535.1014	4188.0129	1804.7656	3569.7749	1688.4457	3343.6490	3116.5138	2743.5285	2291.1456	5307.9327	2383.3333	1565.7734	2159.5662	2137.4885	1875.5490	2562.3294	2858.8060	2428.9727	1336.3719
RAB12	700.9654	999.1817	740.9201	355.3522	785.7084	669.8163	552.9776	927.0243	962.3438	703.9474	460.6593	612.9136	374.8663	654.0168	1091.8919	743.2369	1009.5541	484.6698	1750.7463	1691.6783	1122.5352	1197.0400	694.2379	962.7367	925.4727	907.6923	586.3288	1087.8226	1166.4802	825.2110	1634.5733	554.8872	747.2119	730.8628	1214.3245	1661.3683	848.8226	638.1579	1534.0845	289.7954	763.5960	1280.9493	1542.1053	774.5710	709.6079	634.1276	1013.5048	1050.2063	668.8222	1331.1927	791.3182	1147.5738	1093.0198	747.2574	710.5079	1173.5089	1437.2136	912.1523	762.5114	815.7876	953.6102	1014.5852
RCN3	1558.5384	478.7234	528.5368	2784.6295	319.4017	1654.1732	397.5251	2943.3522	462.7990	475.8772	199.5604	141.6640	819.2513	1671.2666	382.8010	850.8846	312.1019	523.1918	257.7114	161.0459	2100.0000	5052.2345	2126.3941	160.0489	200.2225	1025.6410	1086.6235	143.0799	973.1484	568.3395	288.8403	852.6316	776.6419	353.6598	2394.4655	377.3324	387.3782	244.3609	108.7324	199.7169	450.6104	1772.9314	1436.8421	1971.9189	571.9970	1754.8040	2100.3215	104.5392	466.0508	37.6147	878.1362	703.8519	169.6681	2350.4219	3225.8386	268.0093	2205.6829	352.8551	4392.1747	511.9614	1424.0377	438.9243
RDBP	2073.1743	1625.8101	3537.7032	1867.4035	2959.6510	1656.6929	1835.7154	2245.9747	1013.7251	1861.7105	1864.6725	1577.0671	1663.0053	1422.3756	810.0835	2565.1690	1474.3551	1398.1918	2290.6368	1335.7761	1211.2676	1344.6750	1303.9033	1104.9053	1185.7620	1756.5513	1497.6252	931.1242	1651.5216	2248.1988	4647.5383	1966.6867	985.9851	1085.5104	1245.6213	675.8811	1036.0456	904.1353	875.1662	1417.5782	5095.4495	1465.3817	1262.2807	1698.6349	1962.9678	1602.6134	1754.0514	833.2462	1634.5450	1343.1193	1129.8168	1655.8279	867.1648	985.3882	1399.7669	1157.2424	2333.6829	1432.4061	1384.8954	3054.3451	1884.0513	866.9098
RNF170	588.7439	1115.3846	316.8454	754.6203	675.0312	343.5171	684.4548	533.1556	792.8495	807.0175	264.1758	1069.7077	544.9198	462.7896	356.2654	444.6317	349.5223	648.5849	297.0149	376.8567	948.5915	458.2124	570.6320	770.9224	776.4182	499.3590	750.7366	778.1050	545.7597	1098.1929	264.7702	477.6942	821.5613	774.1107	493.7602	767.7954	549.9124	809.2105	367.8873	800.4118	716.9811	453.4958	478.0702	276.1310	1263.6989	674.8655	1429.5820	462.8611	877.5982	837.6147	408.6022	838.4192	662.0033	722.5738	610.9040	670.0232	384.2346	792.0937	290.2639	690.8497	1177.1316	489.0611
ROGDI	136.5082	213.5843	568.6614	1498.6276	359.9501	671.9160	283.0626	809.7301	444.5916	320.1754	342.8571	373.9158	908.5561	793.9872	380.3440	1574.4641	356.6879	457.9403	219.9005	186.1078	383.8028	440.5107	410.7807	803.9096	798.6652	408.3333	371.8326	392.1704	537.7042	272.9819	521.8818	476.6917	1041.2020	439.8996	304.9376	487.9060	448.5122	418.2331	343.6620	267.6618	327.4140	689.5446	914.9123	732.4493	362.4306	1272.0984	321.5434	633.4250	241.5704	189.9083	664.2772	491.2456	236.9400	906.1181	277.5629	862.1224	303.5747	1142.0205	378.9809	640.3067	841.2421	654.5123
RPL39	501.6467	520.4583	2690.7644	276.6697	1440.7977	648.8189	1249.8067	846.3845	691.5501	536.5497	996.9231	655.6376	592.5134	436.1755	533.6609	1348.8720	677.5478	603.7736	1125.3731	1194.1532	442.2535	472.4318	383.8290	288.3323	590.6563	531.4103	269.8880	337.0864	577.3104	1742.6093	4049.2341	1339.3484	801.1152	519.7417	281.0635	1149.2744	320.9537	623.1203	1198.8732	369.5792	7265.2608	629.8910	449.1228	375.1950	1001.0777	1108.3782	640.5145	581.8432	433.7182	717.4312	511.3501	507.2536	2066.9743	806.1181	618.8723	864.4462	1583.8680	420.6930	727.9345	2208.8450	514.4636	429.3528
SAMD5	82.0724	64.6481	198.2013	23.4218	40.8808	36.9554	232.7920	43.3189	117.5205	183.4795	32.5275	151.9435	69.5187	172.0059	65.3563	69.2689	133.7580	119.1038	8.9552	83.5397	5.6338	20.0232	141.2639	129.5052	36.7075	67.3077	190.9252	779.4907	25.0615	46.5412	134.5733	134.8371	110.2850	9.9803	66.1964	59.4333	60.8401	46.0526	9.0141	610.9896	15.5383	57.0879	42.1053	62.4025	17.9060	39.9693	72.0257	255.8459	137.6443	110.0917	152.9271	58.0290	1456.7644	236.7089	70.3868	216.8861	32.2640	30.7467	42.7662	28.9629	54.3619	297.6299
SGIP1	53.5983	171.8494	33.8983	17.2004	47.1957	71.8110	55.6845	59.6468	83.0919	49.7076	26.3736	35.0145	66.8449	121.7348	45.7002	45.8673	19.9045	31.8396	10.9453	4.6411	24.6479	117.2374	113.3829	79.4136	36.7075	35.2564	124.3371	57.8555	130.2305	47.4362	43.7637	16.5414	59.1698	6.3976	75.9631	69.7996	48.7897	43.2331	7.3239	31.3988	59.9334	100.7056	34.2105	60.8424	31.8329	156.0338	114.4695	97.6616	35.5658	38.5321	90.4022	56.0280	28.5757	57.8059	73.0429	70.4880	22.7314	75.6467	154.2311	7.6666	35.5326	257.9763
SIPA1L1	1434.5923	695.5810	1245.2439	1185.7274	581.6369	2103.9370	1197.2158	797.4009	1133.1623	1211.2573	2905.4945	862.5120	713.3690	797.9300	1890.4177	1271.1785	1258.7580	1108.8836	939.3035	2798.5789	1088.7324	1942.5421	1856.8773	1087.3549	748.6096	1147.4359	1243.9599	349.9047	1252.1817	481.5223	391.6849	797.9950	693.9281	3217.2295	2038.5241	897.0283	773.2868	1329.8872	936.3380	466.8640	781.3541	815.9076	1674.5614	1309.6724	1491.1714	1328.9777	2387.7814	1226.9601	1029.5612	891.7431	2118.6778	1454.7274	1020.9853	1904.0084	1077.0503	1004.6476	1222.3648	1124.4510	1087.3521	786.2568	907.7519	1137.6481
SLC16A14	77.0476	2468.9034	5283.2930	140.8966	304.7777	1870.8661	27.0688	695.7681	187.3707	1323.0994	45.2747	2863.1545	3574.8663	2029.5712	141.0319	234.0167	83.5987	190.2516	605.9701	45.9468	126.0563	198.2008	330.8550	1106.2920	3929.9221	158.3333	849.1456	280.2702	184.3813	653.3666	387.3085	52.1303	513.6307	7280.4788	415.0841	64.9620	523.1663	71.4286	904.2254	4369.0645	436.1820	51.9564	558.7719	199.6880	92.5143	88.3935	213.5048	117.6066	2532.1016	127.5229	162.0868	74.0370	738.2051	2820.6751	2879.2170	6164.2138	242.7131	5508.5408	95.0864	591.4673	56.4877	106.1987
SLC25A36	912.8462	1770.0491	813.9052	1030.9241	685.3344	804.6194	1017.7881	1030.6564	1419.1840	891.8129	1271.2088	1049.1487	1034.2246	853.6225	800.9828	877.0944	1047.7707	1205.5818	2053.2338	1374.2275	657.7465	1367.9629	793.6803	1480.1466	969.9666	949.3590	733.6476	2090.0745	733.0499	1189.4853	1481.4004	743.8596	562.5774	1887.5505	1627.2382	1463.7180	743.8954	1407.8947	1654.6479	1005.2760	2295.2275	642.7197	1064.9123	1213.7285	1458.3437	1122.9823	521.5434	1015.8184	868.3603	2030.2752	1160.8921	1281.1406	544.7239	851.2658	1316.0996	983.7335	724.4730	799.4143	810.7370	545.1835	821.8055	2728.8058
SLC36A1	814.8618	220.9493	118.6441	297.8957	159.5347	250.7087	198.7626	268.9104	405.1974	418.8596	490.1099	307.4205	143.3155	497.2893	487.4693	282.6921	623.4076	257.0755	407.4627	334.1587	364.7887	668.3111	536.2454	393.4026	371.5239	398.0769	418.9747	256.7123	408.1450	317.7331	70.0219	247.6190	333.0235	163.2670	380.9007	587.4223	426.1748	421.9925	388.1690	252.7345	195.3385	499.0378	222.8070	400.9360	354.4724	360.4919	500.3215	530.9491	211.0855	311.0092	341.6965	489.7449	430.4212	555.4852	302.7959	195.9721	354.9038	176.1835	478.1620	107.0491	1273.4037	805.3783
SNCA	154.0951	25.3682	17.9869	15.3705	24.5949	7.5591	23.9753	36.6544	70.8433	21.9298	5.7143	35.6569	8.0214	22.6713	39.8034	32.7623	65.2866	39.7013	16.9154	27.8466	164.7887	28.4388	56.6914	48.8699	76.7519	41.0256	22.9817	33.6047	82.3450	108.2978	8.7527	45.6140	43.0607	11.0039	34.7260	71.8728	34.6818	34.7744	50.7042	29.8546	26.6371	52.5978	24.5614	31.2012	45.7598	59.9539	21.8650	204.9519	60.5081	26.6055	31.4616	34.5173	34.5289	70.8861	88.9795	18.5902	8.7993	12.6891	26.3876	37.1974	109.3311	143.5734
SNX13	1040.1422	1121.1129	652.0235	1163.0375	766.7636	805.0394	964.4238	809.0636	1802.2014	1158.6257	1082.6374	890.1381	1042.7807	514.0463	1253.5627	896.7518	869.4268	1024.3711	927.8607	633.0450	1338.7324	902.7858	858.7361	1470.3726	769.7442	838.4615	902.7696	1302.2692	1252.8530	1284.3577	994.5295	1320.3008	934.0149	701.9456	1313.6191	1110.5736	1098.6492	1339.2857	475.4930	855.4884	1092.1199	1041.0520	1391.2281	1460.9984	859.1561	767.8709	978.7781	1071.5268	824.0185	1787.1560	1358.4229	1209.1046	1247.8047	681.6456	442.2414	591.0147	1570.6691	734.0166	885.3503	987.0093	1835.8515	1037.8304
SOCS1	155.7701	104.7463	563.4728	254.3458	123.3070	76.0105	23.2019	97.6341	126.1276	100.8772	31.2088	78.0597	114.9733	115.3277	128.7469	172.2363	524.6815	140.7233	108.4577	104.4246	42.9577	113.7551	90.1487	100.7941	80.0890	270.5128	41.2493	73.7918	281.2710	238.0761	235.2298	71.1779	176.8897	117.9719	56.4297	131.3062	123.4437	46.9925	300.2817	23.6778	175.3607	194.9968	228.9474	173.9470	113.7362	235.2037	146.6238	242.0908	54.5035	31.1927	134.2095	100.0500	41.0775	149.3671	107.5722	89.8528	651.8790	95.6564	174.7043	316.6040	33.1030	267.5479
SRF	1311.4836	1230.7692	809.0626	1141.4456	1020.0249	1400.1050	860.7889	956.6811	975.2545	1275.5848	1417.5824	1127.8509	1221.3904	1476.5895	1191.6462	1302.0687	1056.5287	1023.9780	1736.3184	1745.0509	750.0000	1712.1300	1881.9703	891.2645	1595.1057	1448.7179	1990.5716	1185.5188	1280.5997	641.7313	1092.9978	2269.1729	750.9294	1468.1233	1651.6549	1420.8708	736.2537	741.5414	1237.1831	1218.3760	772.4750	1311.7383	994.7368	1048.3619	964.6025	1681.7832	1109.9678	1039.8900	1421.2471	862.3853	1443.2497	1210.1051	1126.3581	1154.8523	1245.7129	1217.6607	1957.1036	1100.0488	1473.6124	912.6145	996.7353	1543.7557
SRGAP2	1263.7477	1009.0016	557.9384	1370.9058	289.8214	926.8241	337.9737	839.7201	1080.5264	412.2807	1014.0659	743.9769	464.1711	895.0222	1017.1990	788.1681	810.5096	281.4465	687.5622	1262.3772	1288.7324	1434.9971	1325.2788	600.4887	348.1646	919.8718	483.2057	819.6778	797.2701	340.1087	297.5930	1137.3434	1228.0050	798.4216	1018.9908	875.6047	725.6728	557.3308	834.9296	426.2000	267.4806	1292.4952	812.2807	865.8346	936.0856	684.8578	1295.1768	859.0096	693.7644	891.7431	1349.2632	1708.8544	698.9135	808.8608	544.5014	678.5438	1215.0321	697.4134	1259.7816	266.3449	751.0440	1309.0246
SUMO2	2502.3711	2869.0671	7712.9021	1784.8124	4486.5808	2767.8740	3925.7541	5351.5495	3144.9143	2967.1053	2196.0440	3031.4809	2993.0481	2154.2632	4675.6757	3869.6995	3547.7707	2969.3396	1743.7811	3932.3978	4869.0141	3363.0296	2619.8885	2177.1533	2323.6930	4896.1538	1947.5545	2897.9733	3734.1687	3407.3517	7333.6980	3678.6967	2703.2218	3981.6158	2969.6148	3488.5971	5660.1888	2738.7218	6376.9014	3360.7000	7546.0599	4050.0321	3001.7544	1862.7145	7155.4340	3644.1199	3672.0257	2536.4512	3616.6282	4664.2202	2373.9546	3525.2626	3759.4880	3019.6203	2946.9476	3324.5546	5487.8093	2620.3026	2769.7907	5620.2172	4314.0232	2046.9462
TAS1R3	25.9617	225.8592	12.4524	86.0018	78.4379	232.2310	3.8670	59.9800	19.8626	13.8889	7.9121	61.6768	288.2353	42.8783	13.7592	56.1640	5.5732	369.4969	86.0697	5.1052	23.9437	37.7249	125.4647	150.2749	37.8198	148.7179	38.8922	28.0617	87.2678	31.3258	63.4573	13.5338	21.3755	339.5851	79.2187	6.9109	14.6957	4.6992	13.5211	15.4420	1.1099	23.7332	14.0351	50.7020	14.2585	6.1491	9.6463	9.6286	16.1663	4.5872	27.0808	67.0335	3.5720	35.0211	102.2600	22.4632	94.5921	14.1532	38.6715	4.2592	207.1217	11.8505
TBC1D12	222.7680	310.9656	157.7309	145.2882	269.8795	285.1444	155.4524	259.5801	260.8624	234.6491	327.4725	511.7250	340.6417	231.1483	193.6118	146.0264	153.6624	212.6572	190.0498	247.8344	147.8873	170.9228	315.9851	296.2737	193.5484	191.6667	213.9069	369.3054	154.3970	253.2914	224.2888	302.7569	368.6493	359.0338	320.6728	297.8576	233.0735	387.2180	212.3944	329.4299	227.5250	223.2200	128.9474	229.3292	173.7545	263.6434	222.5080	252.4072	264.6651	336.6972	207.4871	295.1476	223.2475	321.9409	231.0811	347.0178	164.2530	156.1737	251.5924	125.2218	366.2592	442.1149
TFG	1762.0444	2323.2406	5501.5566	1988.6551	3832.8209	1921.2598	3857.6953	2114.9617	2263.6762	3983.9181	2268.1319	2168.3264	2436.8984	1429.2755	2260.4423	2218.4780	3038.2166	3307.7830	10430.3483	2421.2581	2732.3944	4226.3494	1842.9368	2646.9151	2646.2736	1925.6410	4453.7419	2707.7776	2346.6100	1832.1116	3256.0175	1522.8070	1805.1425	4014.8834	5186.1096	1781.6171	1716.4556	1940.7895	6741.4085	3239.7375	4402.8857	1927.5176	2566.6667	2109.2044	2564.2046	1765.5650	2198.7138	1418.1568	2864.6651	2378.8991	1889.2871	1592.2961	2552.7608	2386.7089	4723.8814	2400.4648	2527.5894	2286.9693	2174.7043	3357.7057	2479.0828	1316.7730
THTPA	215.2307	202.1277	191.6292	823.7877	314.0839	485.0394	433.8747	152.9490	209.5506	252.9240	354.7253	227.4333	190.9091	331.6905	200.9828	216.2314	295.3822	341.1950	169.6517	277.0732	471.8310	174.9855	284.3866	337.8131	457.1746	180.1282	266.9417	143.0799	340.1208	539.6987	274.6171	152.3810	352.2305	295.5695	260.4449	302.0041	222.4926	425.7519	146.4789	97.7995	395.1165	186.6581	414.0351	230.8892	268.5899	258.2629	154.3408	497.2490	170.4388	237.6147	325.7666	238.6193	244.6793	411.8143	201.8639	326.8784	142.2548	482.6745	196.5423	423.3691	82.9094	283.9562
TMEM109	3249.3975	2209.4926	1828.7790	2638.9753	3061.4042	1925.4593	1717.7108	2294.9017	3465.3646	1872.8070	2501.9780	1734.3399	1305.3476	2552.4889	2482.0639	2689.3195	2171.1783	1578.6164	1814.9254	2424.5068	1864.0845	2743.7609	3265.7993	1843.6164	2596.2180	2814.1026	2172.0684	2166.6378	3565.2271	2646.5824	2594.0919	3620.5514	2879.4919	2681.1099	1574.0640	3603.3172	3581.3377	2155.0752	2405.6338	1593.1026	1812.4306	3547.1456	3646.4912	2783.9314	2112.2441	3322.0600	3464.9518	4166.4374	1895.1501	1500.0000	2342.4930	3402.7014	1194.8207	1927.0042	2095.6662	2013.9427	2662.5115	2235.2367	3748.4076	3948.0372	4822.1092	3106.6545
TMF1	942.1578	1285.5974	665.1678	624.7027	1089.4890	1190.5512	1473.3179	1268.9104	1814.7811	1024.8538	814.0659	1523.2894	979.6791	571.7102	1807.3710	835.9075	853.5032	976.8082	1728.3582	1294.4008	1401.4085	2167.4405	1401.4870	1288.9432	1298.1090	1223.7179	1276.3701	3027.8884	1104.7214	1193.9604	1278.9934	1627.5689	826.5180	1388.7929	1483.9935	1451.9696	1965.4005	2131.5789	776.9014	1958.5639	603.7736	808.8518	948.2456	964.8986	1108.8452	827.8248	1280.3859	971.1142	960.7390	2372.4771	878.1362	1499.2496	1058.4908	1601.2658	1633.5041	927.1882	1322.8231	1092.2401	1174.7043	984.1698	1081.1632	1144.4850
TNFRSF6B	1539.1760	61.9722	1083.0716	129.2772	289.7183	212.1785	35.3132	157.0676	17.9889	93.8085	15.4857	104.8057	101.6043	223.0360	43.4889	111.3826	1963.7580	32.5708	26.3781	264.5144	535.2183	32.1039	113.9777	43.2010	73.3927	352.1987	157.1479	27.0882	178.6462	248.7805	66.5536	9.7143	1309.9411	27.0184	63.9121	97.8507	57.9421	69.2199	74.8225	46.7379	27.8246	371.5651	121.1228	252.4805	91.3902	179.2083	1053.1383	17.8404	153.2841	37.9358	172.2859	72.5263	38.9939	46.9958	89.7232	73.2688	81.3272	355.5930	376.8881	57.5964	3466.8469	91.3446
TP53BP2	2023.3362	2150.5728	682.1169	1743.4584	724.5534	1161.9948	872.3898	986.0047	1830.6712	1191.5205	1505.4945	1692.5795	1708.0214	1203.5485	1525.7985	697.3697	1106.6879	1924.5283	986.0697	1103.1877	992.2535	1540.0464	1381.9703	1260.2321	1441.6018	1076.9231	1112.5516	1239.5635	1075.1846	557.5992	923.4136	1475.6892	987.2986	1996.3099	1512.2084	1075.3283	1717.0435	1124.0602	1161.6901	798.3529	408.4351	1035.2790	1178.9474	1357.2543	1180.8008	642.5826	1258.5209	1178.1293	1379.2148	1792.6606	1137.3955	2004.0020	1046.5843	1201.8987	1034.5526	1254.0666	1432.8139	1323.0844	1251.1374	1013.7006	1045.6306	1555.6062
TPRA1	490.7595	620.2946	1699.4120	648.1244	832.5717	650.4987	895.5916	1062.3126	528.3456	744.8830	711.6484	537.7449	762.0321	904.3864	425.0614	1009.0798	968.1529	836.8711	934.8259	666.9250	468.3099	949.7969	540.8922	648.7477	847.6085	709.6154	815.5569	638.8360	698.3665	642.6264	1005.4705	619.5489	649.3185	607.7728	932.7184	666.2059	412.3608	491.5414	1197.1831	373.1823	1166.4817	699.1661	1020.1754	631.8253	699.3285	1156.8025	627.6527	750.3439	664.6651	257.7982	815.2131	634.3172	446.4950	705.4852	1019.9440	1137.1030	684.8763	346.5105	693.3576	977.9229	908.9667	845.0319
TTC31	433.8113	707.0376	363.5420	946.7521	643.4566	462.7822	365.8159	421.8594	463.4611	529.2398	436.9231	616.4472	556.6845	540.6604	355.2826	691.7533	400.4777	549.9214	289.5522	346.6896	377.4648	293.9640	434.0149	465.4856	370.4116	417.9487	586.3288	626.3641	455.8067	507.4779	555.7987	366.4160	646.5304	469.0727	361.3673	467.1735	385.6147	497.1805	367.3239	380.3886	339.6226	408.5953	464.0351	609.2044	647.2685	428.9008	359.4855	394.7730	357.0439	527.5229	693.7475	871.4357	383.9857	452.1097	308.1081	556.9326	246.3795	769.6437	415.8326	264.9251	775.3398	662.7165
VGLL3	420.4117	621.9313	846.7658	43.5499	255.2555	477.9003	238.2057	200.9330	758.7520	583.3333	127.9121	486.6688	90.3743	712.6663	458.4767	303.2856	335.1911	259.0409	179.1045	453.4348	167.6056	712.1300	2268.5874	431.8876	292.5473	418.5897	450.2062	393.2098	627.8810	386.6498	96.2801	389.4737	233.5812	246.1800	731.4162	379.4057	258.9379	553.5714	25.9155	310.3848	237.5139	314.9455	257.8947	436.8175	587.5819	440.4304	971.0611	634.1128	840.1848	294.4954	607.3278	690.8454	557.2258	475.5274	965.4939	299.7676	184.7846	172.7672	776.6151	121.8144	523.8782	1214.6764
VPS39	1241.1359	1801.9640	1227.6029	2026.3495	1521.2297	1501.7323	959.0101	1436.8544	1471.4889	2274.1228	448.7912	1483.4565	1505.8824	1541.6461	1195.5774	1403.1639	1406.8471	2148.1918	784.5771	1804.4568	2064.7887	1653.8015	1460.9665	2518.6316	2051.1680	1614.7436	2559.8114	2011.7790	1248.8252	690.9576	638.9497	1211.5288	2262.0818	754.6619	1655.4531	1744.9896	1510.1283	2548.8722	2036.0563	2684.8539	520.5327	1565.7473	1150.0000	1322.1529	1554.5055	1664.8732	1389.0675	1666.4374	2084.5266	1451.3761	1605.7348	1415.2076	1799.0772	1476.5823	2435.6476	1613.4779	1049.3126	2329.4290	1443.1301	401.7889	1456.5333	2512.7621
XYLT1	1001.6184	1064.6481	122.1031	158.4629	149.2314	315.8005	378.1903	349.2169	350.5752	465.6433	99.7802	299.7109	1281.8182	299.6550	311.5479	559.7679	207.0064	324.2925	160.1990	342.9768	253.5211	984.9100	2428.4387	210.7514	240.2670	322.4359	772.5398	167.6771	404.3410	77.8670	29.5405	122.3058	563.8166	105.9444	1203.4726	521.7692	311.5485	284.7744	98.0282	66.4007	69.9223	604.2335	257.0175	993.7598	308.3810	381.2452	401.9293	306.0523	529.3303	110.0917	435.6830	755.3777	133.3532	427.8481	552.4697	645.2363	173.7855	650.0732	677.4340	89.4442	99.3091	277.5752
YIF1A	1225.2239	1180.8511	2728.4677	1672.0952	2373.0785	1751.6010	3542.1500	2788.7371	1513.2004	1260.2339	1379.3407	868.9367	1027.2727	1667.3238	933.6609	1763.5496	1027.0701	1463.0503	1479.6020	1584.0049	2097.1831	1951.5380	2551.1152	756.2615	2017.7976	1830.1282	2010.0177	1153.2998	1960.3938	3904.0894	3404.8140	1556.3910	1743.4944	1314.5807	1268.0412	1453.3518	2327.5021	789.4737	576.9014	1103.5903	2619.3119	2353.4317	2150.8772	1309.6724	1324.0487	2465.7955	1435.3698	1235.2132	1267.4365	688.9908	1096.3759	1325.1626	1820.5090	2512.2363	2405.1024	1711.8513	2782.0348	1871.1567	3135.1228	6990.5587	1785.7414	798.0857
ZBTB25	47.8951	130.5565	61.5600	708.8783	126.7237	78.6142	80.8817	85.7747	155.2760	63.1433	116.6945	116.0649	55.2299	99.6156	59.6364	85.7531	76.6799	61.1832	47.3582	170.0357	53.8662	72.9280	62.7138	104.8320	122.0356	71.4487	62.8049	69.6068	142.7926	148.2337	106.3239	67.8496	114.0954	109.3914	100.8790	133.1721	98.7903	82.8289	51.6056	36.6491	257.6804	79.2688	82.7807	90.0780	86.1809	84.7502	92.0772	83.2393	71.5196	118.4771	98.9088	80.7954	85.4175	93.7468	93.4949	92.4632	47.7947	157.0961	101.8289	78.3275	59.6097	137.1194
ZNF330	749.5389	1461.5385	411.6223	538.7008	574.6572	518.6352	494.1995	405.5315	617.0653	372.0760	846.1538	548.9881	3804.2781	520.4534	606.8796	344.4725	587.5796	486.2421	977.1144	659.9634	779.5775	367.9629	563.1970	541.8448	2172.4138	595.5128	404.8321	652.0007	343.0298	358.9041	474.8359	780.4511	1133.2094	895.9211	342.9192	669.6614	467.0288	740.6015	380.2817	513.7048	391.7869	488.7749	502.6316	716.0686	667.1641	336.6641	376.2058	735.9010	443.4180	1024.7706	483.4727	555.2776	388.7483	1704.4304	382.4790	372.5794	918.0568	388.9702	562.3294	449.7764	434.8948	676.8459
ZNF396	12.5621	68.7398	45.3130	62.5801	51.8488	36.1155	59.5514	56.3146	64.5535	29.2398	22.4176	56.8583	48.1283	56.1853	34.8894	58.9722	29.4586	39.7013	20.8955	1.8564	39.4366	36.8543	28.8104	83.6897	53.3927	33.3333	48.9098	73.7918	76.0797	78.7620	32.8228	39.0977	55.4523	36.5943	21.1612	58.7422	32.9183	65.7895	32.1127	37.0609	19.9778	46.8249	28.9474	31.9813	23.5431	25.3651	12.8617	47.4553	33.7182	72.4771	32.2581	31.0155	32.7430	25.9494	27.8891	58.8691	44.7296	59.0532	24.1128	43.1604	17.6145	39.1978
ZNF485	90.4471	60.5565	50.1557	48.6734	56.1695	117.5853	92.8074	84.9717	102.6235	76.7544	174.0659	76.7748	67.3797	84.2780	37.8378	88.9263	45.3822	59.3553	165.1741	72.4010	86.6197	26.9878	59.4796	51.9243	13.3482	70.5128	24.1603	62.0128	40.7250	91.2923	136.7615	132.8321	3.7175	128.7199	30.3852	45.6116	52.6105	57.3308	62.5352	27.2809	84.3507	54.5221	35.9649	89.7036	69.9660	59.1852	68.1672	28.8858	60.0462	106.4220	53.3652	84.0420	61.3186	51.8987	46.4818	26.3362	189.1842	56.1249	54.5951	58.2097	86.2501	36.4631
ZNF506	241.1924	301.1457	174.3341	446.8435	82.7586	193.1759	368.1361	376.2079	270.7937	203.2164	307.6923	162.2229	396.2567	338.0976	333.6609	437.1431	277.8662	348.2704	181.5920	161.0459	228.1690	225.1886	190.5204	96.5180	161.2903	226.2821	191.5144	346.7868	132.6919	385.7548	927.7899	451.6291	71.5613	393.8368	275.0950	330.3386	346.5242	554.5113	498.5915	299.0606	322.9745	180.8852	280.7018	312.0125	255.3262	355.8801	277.1704	355.5708	148.7298	666.9725	388.2915	537.7689	285.1615	184.3882	215.1444	238.5747	239.0467	387.9941	289.8089	163.8390	337.1042	454.8769
ZNF700	292.2783	297.8723	141.4735	540.8966	224.0133	174.2782	508.1206	200.9330	368.4515	159.3567	233.8462	235.1429	216.5775	356.3332	139.0663	140.4100	153.6624	169.8113	175.6219	200.9593	157.0423	149.7388	136.6171	205.2535	82.3137	157.6923	187.3895	343.6688	310.1365	367.8544	456.2363	218.0451	147.7695	183.7393	167.6614	380.0968	247.7692	301.6917	347.0423	293.9133	348.5017	155.8691	150.0000	202.8081	149.8732	323.5972	131.8328	196.0110	144.1109	569.7248	283.5524	241.6208	247.0606	185.4430	142.1016	227.7304	274.9771	280.1367	323.9308	140.8391	164.6041	536.4631
ZNF711	450.5608	169.3944	65.3753	17.2004	28.5833	19.7375	81.2065	33.3222	44.0288	76.7544	8.7912	41.4391	136.3636	161.6560	11.7936	91.7345	19.1083	211.8711	200.4975	178.2180	120.4225	43.2385	20.4461	109.9572	16.6852	20.5128	87.8020	118.8290	24.1665	60.8615	141.1379	42.1053	44.9195	6.3976	518.7195	20.0415	35.5636	4.6992	168.4507	73.6070	217.5361	27.5818	14.0351	41.3417	53.3864	29.9769	16.0772	57.7717	85.9122	81.6514	99.1637	21.5108	253.6092	32.4895	147.4138	123.9349	140.7883	128.8433	13.6488	28.1110	43.1250	121.6955
