ID	A59K	5607	5068	A472	4628	4668	4432	4510	7161	7166	6983	8648	5423	5425	8513	6779	7148	8660	6982	8395	6767	6742	4629	7771	2659	A4TK	4506	7667	6975	5932	A46U	8278	7760	1596	7147	2665	8619	5815	6979	7030	8092	A4JF	8119	A4SY	6984	8194	6146	7978	4424	7994	4505	A471	5125	4397	8054	A4SW	7150	A4T4	4427
ALDH6A1	264.8093	209.2758	99.5906	185.9073	636.7952	770.9840	359.4491	499.1252	864.1316	120.0758	268.7766	288.3804	458.3810	427.7545	376.0534	322.9647	519.7022	212.2333	243.4570	775.5603	343.0710	165.8911	327.6935	321.8800	410.5230	152.3031	75.8372	302.8304	160.0000	1413.9817	376.9749	450.0162	170.1686	334.6300	235.6568	379.4355	243.8206	275.6952	162.7486	235.0625	374.9076	301.7416	141.3139	280.5634	173.2084	662.7955	563.5560	433.7794	973.7226	822.5465	349.2085	142.3939	292.6907	717.8863	337.3108	198.3379	144.5267	264.3983	451.8214
ANKLE1	31.9803	5.6957	7.6957	51.1583	51.8331	121.2792	37.2080	28.0300	11.3903	13.8208	10.9929	12.2231	0.7326	14.7059	20.0297	2.3909	4.2542	7.5831	7.3750	8.7723	18.3432	5.9657	30.2297	12.0000	7.1919	31.2036	15.5208	124.5188	36.0436	1.2469	14.3855	14.0014	7.4953	7.1048	5.4775	10.9108	9.9010	3.1422	43.6909	5.2083	23.5777	45.6225	33.1084	17.3171	4.5704	9.1583	4.8285	18.0363	46.7112	9.1817	4.2099	31.2020	61.3402	18.7145	7.9927	29.1439	50.4877	24.6496	20.6862
ARHGEF10L	1276.1378	755.8991	335.1896	777.9923	504.7408	480.6888	508.5088	534.8020	597.8052	1037.0040	553.9007	938.8846	730.4029	572.9638	982.9377	620.8408	581.7602	1052.8833	973.4962	1177.6832	691.1243	1567.4870	879.3833	644.5714	1154.2988	1117.3848	269.8239	292.9854	565.8005	442.2278	1528.9766	1196.6034	402.2486	608.0521	1111.9284	769.9241	1446.7094	535.7423	1057.7424	744.7917	733.1328	582.9044	241.7308	1052.0152	1119.7441	552.1151	985.5596	1015.8036	788.8465	990.3600	987.0895	840.9207	824.2268	1415.7924	229.1233	1806.9217	555.9380	1623.4896	650.8577
ARMC6	338.2534	588.0797	613.0463	719.1120	713.6252	323.7294	641.4508	482.7458	472.8760	343.2457	705.2766	628.7242	531.8681	708.0656	517.6335	267.7027	428.0776	1013.8012	659.1104	804.4212	507.1006	466.0701	897.4879	358.2857	427.5188	487.8653	1394.3966	1379.0124	435.8759	291.3217	304.1060	669.2163	493.2667	560.0947	631.0604	667.4288	573.0693	567.9497	568.6299	467.7083	338.9538	820.7215	482.9171	441.5563	605.9963	419.1016	258.9666	625.0504	755.4623	483.7820	550.8981	604.5217	472.0258	1612.1811	433.5859	616.5437	292.0080	501.6820	306.2412
BCO2	23.9852	15.4597	24.7972	30.8880	1.2642	6.1501	15.5754	20.4342	14.6971	14.2666	20.9220	5.3476	10.2564	2.2624	201.7804	23.1122	3.1906	8.1664	11.0625	13.1585	9.4675	8.2028	4.5345	9.7143	16.6721	17.8306	5.1736	0.3329	12.5733	1.6625	13.1525	24.6321	14.3660	56.8384	68.0772	28.9374	29.1206	5.4988	7.7516	33.3333	9.3421	6.6440	4.7347	47.6221	11.8830	15.2638	4.9639	20.5111	5.2431	25.9621	11.7878	59.3350	35.0515	5.7427	7.9927	56.9217	20.0803	17.8830	2.5227
C14orf129	645.1415	282.3434	2301.8630	684.3629	1774.6523	753.2595	824.0554	669.5402	865.2927	555.9519	944.3262	376.6234	2319.4139	1404.9774	460.6825	901.3748	898.6972	357.5720	704.3097	415.8077	779.8817	996.2714	1071.6445	445.7143	393.9196	321.9416	2336.8819	561.9993	895.2221	721.1139	608.3025	340.1828	648.3448	1136.1753	363.8612	680.7400	700.0582	675.5695	613.0819	612.5000	465.3258	693.1956	852.5021	1042.9237	1457.9525	706.0619	541.5162	671.1500	1079.5996	765.8826	1208.2515	587.7238	764.4330	614.2463	817.2509	499.5446	1186.4601	485.7419	706.8618
C1orf86	821.3469	721.9203	1382.4945	519.6236	989.2889	682.7823	1027.4849	1579.0230	383.8703	1511.1324	882.9255	704.6371	526.1099	425.7240	398.0786	318.0952	424.7594	845.6724	1025.3146	699.7105	357.9290	687.2931	669.8791	210.3200	230.6146	827.6374	793.9548	1040.0649	490.7963	267.2319	376.9831	383.5665	426.4834	384.0083	838.0387	273.0787	662.4403	387.2584	378.0813	458.4792	323.8285	764.7520	351.2435	517.1412	623.4095	339.0493	410.4874	713.2179	315.4576	513.2838	1254.5215	749.6061	446.0825	418.1977	299.3756	1396.4299	423.1612	610.9812	462.0081
C7orf28B	785.9779	863.3035	1025.2354	582.0463	2071.7446	560.3936	834.1506	826.3091	1036.1466	549.2644	776.5957	598.9305	1043.2234	1419.6833	577.8932	431.9586	665.7804	510.9838	149.3432	547.8310	786.3905	1281.8792	983.3736	381.7143	1900.6211	1138.6825	1363.8444	855.3176	626.1526	753.5328	895.6021	725.7406	2143.6602	1314.9793	198.3630	667.9317	618.5207	1051.0605	767.4094	840.6250	1509.8620	842.9081	540.5405	849.4049	764.1682	1076.7553	541.0650	542.3672	995.2336	298.5644	1169.2394	601.5345	1093.2990	260.1877	796.2701	607.9235	1509.4664	422.9096	291.6246
CAPN10	480.0615	232.2539	255.6675	319.8456	79.3300	342.7085	688.0935	680.9291	553.4162	691.0254	347.4539	450.7257	210.9890	361.4253	549.4807	95.7322	315.2194	782.3827	263.7566	574.2533	410.8935	292.4683	181.1336	323.0114	284.8382	493.9178	324.0673	340.2626	276.1861	375.2369	394.8664	365.6239	99.3504	252.4156	387.5513	240.5693	477.0297	242.2074	351.0775	215.5312	556.5714	293.3480	281.0863	422.0789	366.6088	387.9590	349.1968	338.5642	213.5367	345.8123	305.6441	810.3529	198.4536	172.6980	582.1297	761.3980	294.6529	544.7269	230.9183
CARM1	677.7368	1308.3808	632.7558	999.0347	983.2491	1070.6027	967.1185	653.8953	978.0930	961.6585	1360.2837	1306.3407	836.6300	1030.5430	913.9466	1147.6390	853.4964	1335.7910	1062.9177	1211.0180	1269.2308	967.9344	1773.8815	806.2857	1193.2004	1366.5181	1387.7226	1283.4759	1095.5574	651.2884	783.8060	1344.9148	1307.3079	1047.9574	964.0364	1527.9886	1263.2499	1453.2600	1080.2926	1205.2083	801.6415	1599.0007	896.9553	968.0272	1146.2523	764.9368	608.7545	1174.1762	704.9571	879.2294	1355.0379	1217.9028	630.4124	1634.0144	1122.3046	1290.9836	876.0757	1277.4287	1154.8940
CDK2AP1	2789.0529	2668.0228	2194.9786	2273.1660	2889.6966	1918.3272	3837.3233	2285.7599	1477.7950	2607.6683	2667.3759	2529.4118	1791.9414	2252.2624	1395.4006	1239.2907	2744.4829	1625.6985	1936.8518	1732.9707	2484.6154	2292.3192	2557.4365	1404.0000	1938.8689	1865.7751	2431.2009	1888.0912	3676.4459	844.9709	1196.8763	1713.8783	2644.5971	3320.8999	2176.1244	2842.5047	1227.7228	2266.3001	1204.3184	1987.5000	1281.6478	2953.9435	2564.6084	3334.4120	1274.2230	1720.0174	1469.3141	1891.3921	3072.4500	2676.3149	2401.3472	2160.1023	2477.8351	2155.7151	2335.5258	2512.2951	1596.6724	1654.9058	2095.3582
CGGBP1	2813.6593	826.6884	2551.5450	2578.1853	2098.0152	1594.8364	2863.0141	2399.7446	1687.2288	1545.6977	1966.6667	1957.9832	1972.8938	1338.2353	1831.6024	462.2435	1584.7062	1297.2923	1318.2761	1923.3300	1763.9053	1534.6756	1856.7110	1973.7143	1703.1710	1516.0971	1573.9727	2143.1217	1343.7217	1348.3126	2161.1344	2099.9624	2572.1424	1066.3114	1397.5398	2491.9402	1595.8066	2019.6386	1880.1178	1957.2917	2182.9384	1063.9335	1772.6231	1605.2973	1594.1499	2401.2604	1757.6715	1612.9792	1821.7350	1894.2851	2487.5133	1056.7775	2233.0000	1101.2965	1989.1766	1542.8051	1419.9656	1420.9763	2934.4450
CHCHD8	1022.7552	900.7323	3028.6771	825.2896	1318.2680	952.0295	1907.9896	756.3857	1565.2428	1942.4877	907.8014	510.3132	1897.4359	1180.9955	524.4807	842.3989	1368.7849	1525.3684	870.2466	787.7538	1135.5030	1418.3445	1466.1427	753.7143	796.6656	646.8549	1965.1776	1134.6526	1297.5692	1130.0914	793.2594	920.4641	1015.6152	2876.8502	1505.1332	1175.5218	557.9499	407.6984	749.0874	534.3750	1252.2869	832.2777	510.8174	634.6726	1140.7678	781.0728	854.2419	627.1015	510.9628	851.6843	1249.5088	1683.8875	1126.8041	1441.4136	477.8953	919.3989	909.3517	940.0677	406.1554
COQ9	550.4305	982.9129	1012.4093	907.3359	921.6182	1009.1021	983.8477	1773.3078	835.8984	1960.3210	941.1348	657.7540	1879.8535	1504.5249	921.3650	1340.5061	1160.8615	1032.4673	1070.2927	1407.9565	744.9704	1110.3654	1158.4039	646.8571	1228.1791	935.6117	2562.5311	1347.0670	1159.2624	1021.6126	594.7390	1342.8405	1618.3635	1523.3866	1390.8886	1442.5996	754.2225	709.3480	687.0745	629.1667	1413.7718	1099.3684	770.6977	1069.3323	883.9122	824.2477	730.5957	574.9832	651.5729	1041.9676	1299.4667	2626.5985	473.1959	2301.9326	1277.8287	916.6667	2113.5972	1143.5476	507.5681
COX7A1	21.5252	48.0065	356.5664	19.3050	273.3881	80.4428	67.7819	206.5773	59.8907	158.7160	121.2766	228.4186	120.1465	94.4570	91.9881	39.8486	43.6054	58.9148	141.0463	73.6874	45.5621	99.1797	210.7013	73.7143	102.9748	155.5225	117.7992	41.6172	217.9380	34.9127	17.2626	85.3050	51.8426	50.9177	66.1210	216.3188	127.5480	148.4682	80.3349	125.0000	68.0639	39.4213	95.2193	102.6040	59.4150	64.5443	32.9422	78.0094	82.9361	15.8306	171.4847	53.7084	46.9072	29.1552	35.3010	45.5373	81.4687	86.5152	45.9132
CUL3	2023.3702	1746.9487	2183.0075	2121.6216	2228.1922	2248.4625	2344.3900	2020.4342	1509.0263	1353.5444	1818.7943	1071.8105	1340.6593	1545.8145	1215.1335	1181.9087	1872.9061	1615.7822	1514.6347	1513.6629	1535.5030	1571.2155	951.9347	1415.4286	1769.8594	1266.9638	1884.7876	2010.9453	2113.9983	2120.1164	1748.4587	1815.7775	1483.4478	802.8419	1601.7716	1260.9108	1387.8858	1388.0597	1450.9605	1493.7500	1648.2142	1942.7195	1412.7704	1460.6993	1727.6051	2050.5887	2191.3357	2018.1574	2382.7455	1608.3851	1793.4325	1298.2097	1375.7732	1347.3219	1604.1962	1383.8798	2627.0797	1315.1281	2115.5399
CXXC1	678.3518	683.4825	519.8858	634.1699	587.2314	756.7036	937.6983	1090.9962	747.3483	1584.0392	798.2270	1059.5875	419.0476	500.0000	1175.8160	606.4953	739.6969	791.5583	418.5296	1101.8027	244.3787	738.2550	536.5780	692.5714	1213.4685	937.0976	1127.8480	1142.6431	641.2406	912.7182	576.2433	801.7113	449.0943	689.1652	663.5575	700.1898	979.6156	498.0361	709.6247	698.9583	1660.6703	1071.4634	1067.1401	874.0818	744.0585	483.6459	497.7437	653.6651	521.9256	713.3251	600.0561	1557.5448	475.2577	949.7515	1066.3558	753.1876	570.8548	818.2697	558.5267
DDX10	768.1427	426.3629	471.1465	418.9189	254.1087	661.9926	397.4618	189.3359	551.8767	413.2858	463.4752	423.2238	412.4542	478.5068	315.2819	311.6159	286.0941	405.9871	511.6386	227.6416	1036.6864	504.1014	564.9940	507.4286	559.6600	413.5711	972.6395	693.8427	414.9204	481.2968	275.7912	466.1956	734.5409	930.7282	654.1676	446.8691	451.9511	266.3001	472.8482	392.7083	602.3433	411.4880	434.2737	500.8978	468.0073	548.6263	309.1155	490.2488	540.0381	612.3262	351.1086	865.9847	775.2577	363.7769	544.5009	319.2168	776.2478	328.1779	398.5873
DYNC1H1	10551.6605	8419.8535	2729.4007	8769.3050	2098.2933	7527.6753	7672.0508	4514.6871	12064.1272	7355.7735	8680.1418	8034.3774	1926.7399	3453.6199	9291.5430	17651.3250	8068.0670	6342.9658	9828.9929	7346.3748	9807.6923	7494.4072	5985.7920	7186.8571	6359.5946	5654.2843	3780.7183	13339.1597	12284.9958	10565.2535	7590.6289	9238.3484	5934.4160	4274.7188	5273.2480	5923.1499	8275.4805	10160.2514	6745.3103	8748.9583	5636.4031	7240.2399	13258.1048	10314.5114	7675.5027	11115.5691	7071.7509	9697.7135	12184.9380	12268.6858	4552.3435	7135.0384	5979.8969	5321.7007	5389.7261	6955.3734	7216.8675	9890.7685	10947.0232
ECHDC2	791.5129	673.7185	792.6549	1546.3320	530.6574	463.2226	365.7341	2613.9847	922.9788	1064.6456	514.1844	537.0512	846.1538	362.5566	1246.2908	145.0488	379.1545	571.0652	641.6225	1164.0861	360.3550	626.3982	236.0943	826.2857	1447.8588	958.3952	489.5035	334.9356	262.3638	734.8296	858.1998	567.8356	813.8663	435.1687	1469.5296	789.3738	890.5067	278.8688	458.7544	622.9167	772.2806	567.4016	304.3335	873.2159	665.4479	670.7370	902.0758	542.7034	132.9838	657.2849	930.1151	1156.5217	534.0206	785.2015	614.1037	2126.5938	290.8778	701.3050	670.0303
EDEM2	1052.8905	840.5207	2396.7764	526.0618	1946.5866	1112.1771	2107.5858	2321.2005	1224.6371	1729.8261	1325.8865	1311.6883	2845.4212	5825.7919	947.3294	710.8986	1920.7658	887.2219	1150.4955	950.0417	1328.9941	1604.7726	1547.4607	1905.7143	973.5208	1245.1709	1164.8592	447.4686	775.3562	1455.9435	1080.1480	1536.5269	1072.4547	2505.0326	944.0828	1527.5142	1163.0751	1162.6080	1145.1242	708.3333	1621.9673	772.9242	1111.8564	1232.9792	845.5210	804.1867	815.8845	1572.9657	763.1077	1114.4716	1990.4575	1848.0818	1020.1031	1387.5207	678.7112	1102.4590	1652.3236	933.7844	713.4208
EIF3J	1043.0504	1414.1579	1747.7741	1208.4942	950.6953	1314.3911	1063.7439	913.7931	1283.0582	1633.5265	1405.3191	1003.8197	1164.8352	952.4887	953.2641	1515.8398	1993.6187	1979.6365	1329.3386	1073.2927	1066.8639	1397.4646	1480.0484	1064.5714	818.2413	1043.5859	4593.7718	1062.7380	2094.7192	1724.8545	1429.5109	1502.5604	1950.0312	1609.2362	871.7018	1333.4915	926.6162	1206.5986	942.1730	1022.9167	1717.1678	1147.6485	1615.8611	678.8312	1816.2706	1624.0733	1200.8123	1087.0881	978.5510	648.7364	1187.4825	1601.5345	1289.1753	669.0226	2243.2770	903.0055	1936.8904	1085.5486	1216.9526
EIF3M	1475.9656	2423.0269	3270.3898	2474.6815	2744.7503	2931.8106	2039.5731	1169.5211	1891.0484	5848.9657	2457.0213	1831.8258	2679.6557	1923.5464	1626.8027	2696.9277	2211.0290	2027.5208	2338.6034	1168.4197	2189.3077	2979.0007	2813.7183	2254.1657	3087.2148	2584.7746	5516.0601	3266.7108	2370.4275	2382.2402	2400.6700	1808.6913	3200.9494	1807.5252	1973.3051	2740.4412	1938.7653	2523.8885	2544.5295	1657.2083	2509.3026	1896.6275	2372.8599	2253.7716	2896.5722	1926.6507	1420.4287	1869.9933	2002.8408	1238.8112	2382.3407	2021.4169	1926.2577	2311.3263	2843.3270	1744.4490	3411.8703	1825.9449	1549.3996
ENC1	785.2706	1077.4695	2435.8020	1708.6969	2183.2680	1561.0603	1279.4058	2040.4566	2241.6408	3423.3972	4249.5957	1777.2880	2162.3370	1527.5622	1306.1053	498.9042	2226.8227	964.9428	2559.3823	1291.7189	1137.1953	1812.5652	925.8646	2397.8400	3194.7205	1750.5597	662.2227	622.9269	1120.5868	2165.4406	977.8339	1810.0162	3407.7389	1607.1877	2092.9254	2317.0683	2463.1217	1861.7439	2331.9380	2862.7292	1898.6448	1240.5677	3461.9978	6007.1065	4838.2084	2175.1679	2680.7040	2302.3840	1247.6358	1399.9821	2369.3292	357.0332	1395.5412	199.4478	986.2559	2227.3634	1318.3018	1374.4804	777.3713
ESYT1	3381.3038	3131.8145	1562.2228	3775.0965	3727.5601	3254.8585	4060.8595	2451.4687	1757.7750	816.7633	2174.1135	3019.0985	2098.9011	2596.7195	2635.7567	4354.6523	1930.3377	3209.9817	2886.3794	2366.7705	3543.7870	1532.4385	3583.7364	2941.7143	2884.9297	3010.8965	2820.0179	3121.9593	2620.2850	2893.5993	3369.5027	3612.3679	3450.3435	2334.5175	2485.6021	3320.2087	3550.3786	4089.5522	2209.2089	2533.3333	2280.3632	1555.5930	1664.4966	5628.0650	4542.9616	2144.7885	1956.6787	3453.9341	3743.0887	2880.5291	3080.2694	1570.3325	5472.1649	2623.7438	1804.0130	2702.6412	1862.8801	3321.4113	4082.7447
FAM164A	275.5228	398.6981	1503.2226	465.2510	976.2958	194.8339	324.1996	358.5568	633.4457	139.5453	273.4043	268.9076	447.6190	203.0543	392.4332	178.5216	156.8732	239.7424	460.0138	713.6278	305.3254	152.8710	301.6929	766.8571	306.9631	560.1783	60.0935	517.7185	152.5566	420.6151	194.4102	229.7271	460.9619	240.9710	172.1494	484.8197	215.4921	285.1532	379.1242	304.1667	526.2719	197.5497	279.0820	419.0744	183.7294	385.5212	84.8375	282.4479	189.7045	248.8564	164.1875	87.4680	293.8144	254.4451	717.3424	456.2842	188.7550	149.3475	417.7598
FAM3C	1755.2276	1108.2181	1649.4405	4448.8417	2085.3350	3041.8204	1169.0222	2333.3333	1337.8049	1099.4204	1609.9291	1148.9687	1848.3516	908.9367	879.8220	1428.1729	1627.2268	1196.9621	2169.1634	1038.2034	19416.5680	786.7263	4778.7183	1151.4286	1314.4819	3877.6622	559.5463	665.2101	1950.5448	2497.9219	1276.2022	1243.0155	4344.1599	3518.0580	1342.3738	2407.9696	1066.3949	4841.3197	2385.3819	2877.0833	1563.6904	2055.2253	1841.2573	3023.1368	2414.9909	1601.3956	3054.1516	5738.7357	2449.4757	3605.2523	5385.9107	1371.8670	5011.3402	1678.1888	1107.3183	1917.1220	997.7051	5512.3248	5784.5610
FBXO28	1450.7995	1581.7738	1088.5110	1479.7297	1102.0860	1676.9988	1385.6360	1091.6347	708.7684	651.3598	1595.3901	764.7059	1194.8718	973.4163	828.6350	1713.4887	1369.3167	1209.2117	1293.3856	906.6187	1199.4083	1518.2699	1454.3531	1096.5714	1225.5639	907.3799	2868.9683	1230.5387	1464.3755	2584.7880	864.7760	1211.1234	2150.5309	1709.8875	1133.4471	2689.7533	1295.2825	931.6575	1236.0295	929.1667	1425.7831	2242.1445	882.7514	1487.1079	1574.9543	1655.4732	1301.4440	1442.5017	1541.4681	976.4291	1388.9980	902.3018	1185.0515	1027.4986	1406.3775	863.8434	1505.4504	909.6182	1166.4985
FUNDC1	712.1771	445.0773	667.8139	343.6293	517.6991	249.6925	394.0006	489.1443	355.3028	337.4944	340.7801	247.5172	605.8608	281.6742	286.3501	252.6400	406.8067	167.9947	403.7797	264.4853	432.5444	358.6875	224.3047	228.0000	183.0664	252.1050	307.6311	194.7687	394.8030	347.4647	290.5878	403.9671	760.1499	311.4269	746.8935	300.7590	221.3162	285.1532	433.3855	261.4583	233.5526	503.6188	343.5260	448.9464	306.2157	365.8962	407.9422	253.5306	331.7445	138.0425	390.9627	272.1228	274.2268	787.6311	197.1526	277.7778	431.4400	206.8632	348.6377
GPM6B	60.8856	75.6713	192.3920	58.8803	600.8217	103.8130	94.6063	109.5147	72.0159	29.4249	574.4681	179.5264	254.9451	74.0950	201.0386	24.7061	70.7259	66.4979	43.3280	108.7767	21.8935	99.9254	53.2044	350.2857	40.5361	108.9648	129.7383	72.2475	100.5868	39.4846	55.0760	371.2971	13.7414	32.5636	33.6474	97.2486	186.3716	84.8390	102.1803	350.0000	91.1967	24.8044	231.2093	127.2809	25.5941	133.0135	79.8736	40.6859	200.6673	22.7960	70.7269	120.7161	41.2371	50.8007	65.9396	74.2259	310.9581	47.3659	25.7316
GPN1	676.3838	893.4093	2403.4374	1190.8591	1853.3502	1647.6261	1117.0262	935.5045	689.5960	638.4307	900.2766	731.8564	1398.5348	2374.4344	577.8932	1063.1600	767.8809	937.9703	1139.2026	772.1874	1378.6982	1111.1111	2126.3603	816.5714	858.1236	1221.2036	2141.0367	1776.1941	1295.8927	998.7531	947.3901	1138.0359	1159.9001	1164.0024	1005.9000	795.5408	568.4333	1035.3496	1130.6851	796.8750	1051.2092	904.1707	723.3327	1186.6559	806.2157	982.5556	849.7292	1524.1089	1341.5729	876.6712	1411.1704	789.2583	1505.5309	1342.9045	1651.8192	678.4381	1383.2473	1191.8801	1041.3724
HEXDC	289.0529	406.0212	526.7265	628.5039	288.8843	209.3678	375.3101	542.5064	902.8107	663.3972	524.4681	554.6524	299.6337	194.5758	752.2255	298.8643	232.9168	431.7405	206.4992	571.0777	210.6509	363.9075	289.9033	206.8571	275.5803	579.9901	709.6209	1113.6775	115.6748	155.4738	302.3551	565.5020	334.1661	290.1125	912.0004	329.2220	403.6109	432.0503	592.6458	287.5417	264.6930	400.8752	317.5196	438.9891	237.6600	372.0017	159.7473	374.9159	86.2726	366.9524	326.9997	791.8159	332.9897	261.9967	158.8544	902.0947	90.0746	981.1503	158.9304
HMBOX1	103.9360	87.0627	35.9132	67.5676	14.8546	121.5252	77.8771	22.9885	93.3267	74.4539	108.5106	82.5057	70.3297	62.2172	94.2136	117.9518	112.2042	56.5815	42.4061	57.4587	53.2544	60.4027	55.0181	181.7143	171.9516	36.1565	142.4734	71.9146	88.8516	118.4539	80.9700	234.6535	44.3473	30.7874	25.4312	133.3017	102.5044	67.5570	67.6504	70.8333	125.0063	69.5410	78.9110	108.2320	74.9543	68.4693	131.7690	143.5777	216.8732	137.0927	46.0286	93.0946	78.8660	110.4362	138.5397	41.4390	78.6001	68.6322	122.6034
IMP4	571.9557	732.3027	1014.9745	791.5058	826.4855	951.0455	927.6031	767.2414	508.8876	1103.4329	880.1418	581.3598	564.1026	872.1719	494.8071	425.5828	717.8942	1370.2066	589.9977	531.1636	848.5207	803.8777	1351.8742	482.8571	628.3099	656.7608	1787.2848	1499.2197	992.4560	671.6542	542.9511	607.5063	574.6408	1222.6169	639.6914	568.7856	622.5976	713.2757	638.4508	464.5833	665.5137	996.6071	524.7583	595.7090	741.3163	623.2010	544.6751	639.5427	756.4347	530.0072	863.0368	989.7698	550.0000	670.7896	419.2823	723.1330	618.4739	760.7540	382.9465
INTS2	246.0025	372.6607	227.4501	368.7259	293.9317	328.1673	359.9654	167.3052	473.9820	188.1409	272.3404	250.5730	223.4432	258.4842	273.7389	365.8099	368.5190	342.4058	389.9516	331.5935	246.7456	354.9590	363.0593	276.5714	195.1618	266.9638	391.2049	696.1733	295.8927	456.7747	348.5409	613.7292	504.0600	334.5175	296.9577	297.9127	223.0635	256.0880	379.1242	226.0417	275.3697	336.6317	460.3143	671.9044	276.9653	329.6991	437.2744	394.4183	522.4023	554.3863	291.3275	381.5857	389.6907	661.9547	302.7225	249.0893	408.4911	303.5283	481.3320
IP6K1	1327.1833	1041.4972	630.1906	1184.3629	1339.1277	997.0480	1363.1382	1710.7280	1114.7762	925.9920	1049.6454	1579.0680	947.9853	946.2670	1350.1484	1142.8571	946.0250	1131.0475	595.5289	1267.5995	1114.7929	1173.7509	1014.8126	1092.0000	1666.5577	1108.4695	674.9577	1583.1200	1084.6605	797.5894	937.1147	809.2306	1515.3029	1002.3683	767.6297	1161.7647	1281.3046	963.8649	1119.7553	1340.6250	907.9636	735.2746	882.4883	1029.9359	1193.7843	1566.9429	1199.0072	990.5851	1238.3222	987.1939	1188.3244	875.1918	1642.7835	936.2783	1007.7429	787.3406	1026.3913	1133.8811	2062.0585
ITGAE	327.1833	338.4866	1257.8159	302.1236	697.5348	202.9520	453.9948	501.9157	231.4796	346.8569	302.4823	504.9656	584.6154	719.4570	201.0386	789.0018	316.4052	436.9028	188.0618	167.1126	539.6450	366.8904	479.4438	417.1429	193.2004	320.4557	743.4086	171.1301	409.0528	262.2610	758.3231	202.5021	174.2661	211.3677	191.3205	209.6774	440.3029	157.8947	594.0552	325.0000	794.5237	255.1314	427.9608	193.5189	131.6271	250.3271	166.0650	437.4580	275.9771	490.1142	386.7527	899.7442	344.3299	140.4749	271.7509	321.0383	274.8135	690.1885	149.8486
KIAA1430	1100.8610	1126.1188	1160.3373	852.3166	1282.5537	1381.7958	581.4825	1092.9119	698.8478	506.0187	1119.1489	797.5554	1052.7473	570.7014	741.8398	770.6714	896.5701	713.3941	1217.7921	1007.9389	1367.4556	609.9925	1487.3035	1069.7143	1582.5433	829.6186	818.6250	568.9910	1015.9262	1596.8412	811.3440	1125.2998	1480.3248	586.1456	673.3388	1247.1537	937.0996	870.3849	715.9669	991.6667	737.1365	881.4436	1045.8342	1364.1564	838.2084	1426.9516	1009.4765	1072.2932	761.6778	1527.0160	1092.6186	641.4322	2308.2474	885.2568	1415.0362	501.8215	876.0757	1178.8304	1173.0575
LAMA1	15.3752	10.5777	5.1305	17.3745	12.6422	41.0824	62.8786	8.6207	8.4508	5.3500	19.1489	304.0489	10.2564	32.8054	48.9614	19.1273	14.3579	29.7491	60.8435	31.1417	24.2604	30.5742	42.9262	10.2857	22.8833	52.0059	13.5310	26.9680	66.2196	11.2219	60.0082	51.0793	27.4828	10.6572	16.0412	49.8102	21.5492	93.4800	29.5971	32.2917	56.0526	3.5435	104.1626	31.1708	9.1408	38.3777	4.0614	66.9132	27.6454	8.2319	13.1911	6.6496	23.7113	13.9150	42.9606	13.6612	96.3855	51.7158	28.2543
LRP1	7940.9594	6438.5679	1727.2523	3040.5405	4913.4008	8542.9274	8147.6781	5621.0089	7462.4604	2595.6309	7043.2624	34281.8946	1992.6740	4444.5701	17045.2522	10131.1018	4037.7559	7212.1050	15662.5951	12031.2294	3021.8935	3689.7837	5410.2177	15330.8571	10545.2762	17181.7732	1406.4272	3835.1125	12097.2339	5940.9809	7505.9597	11085.4994	5277.3267	3227.9455	3020.0476	11509.9620	20458.3576	21187.7455	8686.0316	16451.0417	8390.0996	3988.6431	22208.4566	14932.1223	8829.9817	7457.0432	9494.1336	16381.3046	15852.2402	7261.7955	4738.9840	2965.2174	5238.6598	1933.5174	4758.6379	6140.7104	11309.2369	10211.2131	8347.1241
LRRC59	3825.2030	4939.6583	2606.1587	3196.6409	6119.5765	7254.7626	5726.7378	2911.2101	4198.4184	4939.6968	4467.4184	3685.4775	2563.4872	5419.6267	2413.5905	4796.6926	5779.7660	6721.0297	7901.5073	3115.1015	3099.9467	5599.7241	7412.6814	3826.5143	3700.3923	3316.9638	6969.1135	9322.3464	5885.8927	3652.3608	5626.9667	5349.0426	8324.9094	4957.1226	5869.9842	4278.1784	2784.7758	3730.1257	4669.9787	3096.6667	2760.1292	4893.6421	4208.9354	5407.2630	5724.8812	3911.6223	5810.0812	3791.8157	4968.5748	4165.5908	5455.4561	6751.1918	5887.4124	5158.3302	4066.9853	4280.2004	6242.6162	3983.9198	3716.3976
MAP7D2	18.4502	147.2742	118.0004	504.8263	404.8673	272.3247	92.8757	7.3436	269.6921	18.2791	9.2199	89.3812	538.4615	23.7557	91.2463	39.8486	6.9131	50.7484	1318.2761	171.0601	513.6095	114.0940	444.0750	6.8571	1.3076	158.4943	2.3878	180.1194	9.2205	131.7539	1160.2959	1166.7855	1759.5253	383.0669	180.3656	264.7059	18.6372	168.8924	26.0736	33.3333	1.3346	175.4029	206.4839	640.3006	34.7349	28.7833	19.8556	629.4553	1193.9943	365.0528	381.9815	24.0409	97.9381	1087.7968	8.6587	109.7450	6.8847	16.9164	19.6771
MDP1	157.1894	135.5330	960.7969	192.0367	295.1675	161.9139	141.5748	308.6015	179.3673	156.5359	158.1560	159.3125	454.2857	166.5102	125.1187	112.5643	163.7330	204.5744	130.8136	86.4950	131.6391	116.8456	377.8265	116.6229	154.5669	225.8098	193.4972	349.6781	133.6714	151.0141	128.2902	200.6093	149.3504	238.1764	182.9869	227.2106	109.4118	167.9183	204.8398	135.0521	101.2818	155.2758	138.9571	142.1563	86.4534	73.0877	53.7274	103.7155	110.0477	143.1304	316.5703	72.7315	109.6031	142.4208	152.0406	175.4554	60.5278	220.6718	58.1029
MEA1	676.5068	1065.8747	2507.0640	480.6950	2280.9418	1931.3383	1378.1367	1849.9298	993.8741	1702.6126	901.7730	907.5630	1775.0916	2779.9038	738.1306	618.4499	990.1622	1525.9108	1440.8850	946.0941	1684.5976	1263.9523	1707.0526	777.7143	1414.8415	966.7707	1307.7186	2348.8607	1155.0126	1573.8861	1806.3748	1125.0275	1711.4179	1861.9775	2660.0754	1231.0104	817.1229	1127.1642	1212.0700	789.5833	1425.2893	1490.9242	1162.0833	706.5386	858.2267	1302.2067	772.0532	773.3457	759.7712	1569.7206	1948.3076	1571.8670	1219.5876	1702.0055	1221.5469	1015.0273	1000.0000	988.8835	811.7306
MEAF6	1699.8770	789.2596	2171.8915	1485.5212	2973.1353	1835.4244	1554.0813	2323.1162	1576.6331	1185.9117	1434.3972	980.9015	2003.6630	1023.7557	1147.6261	1648.9341	1229.9920	1217.3781	1232.5421	1782.0957	1859.7633	1528.7099	1373.6397	1220.5714	1638.4439	1406.6369	762.5112	1218.8859	1155.0712	943.0590	903.4114	1245.6083	1235.4778	1290.7046	2873.7206	1138.9943	997.0879	1450.1178	1286.0626	1326.0417	1102.8132	857.0821	1515.0917	1044.2225	1020.1097	1123.8552	1194.0433	677.2024	1068.1602	1300.6390	2472.9161	748.3376	1385.5670	1671.3418	968.7786	1939.8907	977.6248	1363.9439	1695.2573
MED20	336.4084	208.2994	538.6975	215.2510	1014.8546	911.9311	372.3680	369.4125	407.4775	490.8605	437.5887	369.7479	634.4322	1282.2398	379.0801	377.7645	450.9439	419.4034	429.5921	539.9360	735.5030	733.7808	462.5151	523.4286	772.4747	396.2358	400.3582	846.9942	609.3881	674.5636	857.3777	564.2056	524.6721	799.2895	859.5731	676.9450	281.3046	346.4258	456.6403	334.3750	770.9461	484.5725	485.5659	412.5805	371.1152	716.5286	476.0830	345.9987	384.6520	831.1045	657.5919	710.9974	453.0928	653.1198	703.0222	384.7905	764.7734	358.6274	442.9869
MME	434.1943	71.6029	79.5220	116.7954	683.3123	866.9127	98.0675	144.9553	13.5948	13.8208	39.3617	587.4714	399.2674	41.8552	113.5015	99.6214	17.5485	252.5753	1490.6661	39.9140	54.4379	99.9254	518.4401	97.1429	192.8735	609.2125	85.9616	670.8700	170.1593	88.5287	424.9897	1852.8554	298.5634	110.7164	611.9127	1042.6945	838.0897	926.1587	200.1325	661.4583	112.9950	147.4979	407.1809	435.0927	34.7349	34.4527	68.1408	241.7619	814.1087	31.9777	534.1005	40.9207	69.0722	1321.0381	300.3913	235.4281	576.5921	59.4490	374.8739
NCF4	727.5523	336.0456	826.8579	368.7259	381.7952	108.2411	288.4338	213.6015	71.2810	166.7410	304.2553	893.8121	720.1465	494.9095	524.4807	249.4521	111.6724	463.7353	542.9823	214.0445	256.8047	429.5302	665.6590	310.8571	246.8127	533.9277	324.3458	116.8612	199.4971	95.1787	659.2684	421.3392	43.7227	136.7673	712.0724	612.9032	728.0140	388.0597	756.1343	204.1667	462.6566	504.5047	249.0958	259.7568	144.4241	153.5107	33.8448	586.0794	223.0696	455.2870	649.1720	125.8312	441.2371	297.5152	105.5699	1091.9854	60.2410	718.2214	209.3845
NFS1	642.6814	339.3002	373.6680	386.1004	767.3831	647.2325	586.6744	589.0805	432.8300	573.7851	375.5319	388.8464	657.1429	1048.0769	447.3294	494.9193	402.5525	614.2305	394.5610	644.3265	729.5858	477.2558	674.7279	492.0000	395.5541	490.8370	461.6456	591.6308	511.3160	591.4381	498.9725	518.8306	587.1330	558.9106	548.5305	363.3776	286.5463	333.0715	384.7617	306.2500	639.2669	364.0938	593.1479	714.3313	283.3638	454.4265	336.1913	492.6026	565.3003	609.4766	447.3758	895.1407	544.8454	801.5461	1056.0320	457.6503	412.5072	543.7409	246.7255
NR2F2	243.5424	1205.0448	829.4231	719.1120	389.6966	704.5510	581.1941	622.6054	970.7445	1014.2666	1504.6099	1362.8724	652.0147	1371.6063	1313.7982	795.3776	1870.2473	536.0664	744.8721	965.3932	540.8284	1243.8479	688.6336	1300.0000	846.0281	1060.9212	936.0263	237.0518	2049.4552	2133.4165	406.4940	630.5827	542.7858	1459.4435	751.9797	1062.1442	1185.2068	1139.0416	635.6320	1255.2083	3227.4747	508.4911	470.8358	2262.4821	1694.6984	619.7122	1062.7256	902.1520	995.7102	597.1288	619.1412	821.4834	513.4021	900.2761	374.3235	735.4281	2196.2134	1040.1160	886.4783
OSBPL1A	226.9373	476.8104	1142.3807	371.6216	1974.3995	753.7515	1208.8261	1301.7241	1071.7871	321.4445	671.9858	673.0328	797.0696	908.9367	913.2047	861.5262	943.3661	344.7391	870.2466	876.3542	657.9882	403.4303	982.7690	1328.5714	1112.7820	739.9703	290.9163	1455.2719	658.0050	1262.2610	800.2466	264.7307	277.3267	103.0195	449.1533	445.9203	620.8503	571.0919	551.7737	777.0833	455.9837	553.6706	876.1754	403.9219	355.5759	769.2979	204.4224	705.7835	1452.3356	322.6269	353.0733	317.1355	345.8763	1446.9354	1088.0027	380.2368	2212.2777	393.4268	422.3007
OSBPL5	261.3776	666.3954	344.5954	435.3282	609.0392	828.5363	510.8163	362.3883	904.9749	762.3718	1258.8652	889.9924	391.2088	332.0136	548.9614	1872.8830	1091.7309	443.9026	488.5918	689.0653	184.6154	768.8292	490.0242	550.8571	823.7986	982.1694	869.1672	1690.9919	518.0218	630.0914	452.9388	1589.6804	424.7345	75.7845	271.9177	870.0190	970.2970	1020.4242	488.3514	763.5417	396.3721	480.5861	466.3642	422.9707	776.0512	474.9237	701.7148	704.7747	674.9285	1185.3925	320.5164	286.4450	621.1340	604.5279	231.4545	372.0401	251.2909	407.4432	109.9899
PHC1	292.4354	270.6509	251.7599	412.4903	190.8344	197.8450	291.8489	647.1520	251.8681	341.2795	363.5461	456.9442	215.5018	186.5271	563.8056	101.6298	261.9995	206.0735	243.5769	478.5692	399.3314	376.9873	367.8265	459.8171	238.9572	412.7737	88.9305	1129.5320	161.9111	450.9975	477.6120	516.9171	181.0181	559.7276	428.8984	444.2315	383.4886	287.1249	263.9423	402.8958	298.6226	185.6524	617.6445	429.6595	359.5795	508.8138	209.4856	328.7290	316.5539	268.3755	328.3694	177.9130	198.7835	369.8288	1044.8655	276.1475	487.7912	299.9420	497.4823
PHTF2	801.3530	480.0651	1396.3381	930.5019	1319.5322	695.4490	751.0816	439.0166	603.3166	283.1030	471.6312	649.3506	1223.4432	682.6923	341.9881	392.9070	458.9205	683.6450	560.4978	362.2966	798.2249	155.1081	626.3603	653.1429	836.5479	803.8633	349.0200	537.3619	893.5457	482.5436	933.4155	455.5649	459.0881	943.7537	681.1637	818.3112	381.4793	695.9937	895.6633	460.4167	548.9599	989.9631	1412.5074	725.1545	224.8629	659.8343	148.4657	847.6799	720.6864	862.4490	792.0292	1306.9054	881.4433	1118.4981	1070.6852	734.0619	882.9604	824.0696	837.0333
PIK3C3	410.2091	524.0033	536.9874	335.9073	280.3413	583.5178	432.3623	298.5313	300.1886	347.3027	413.1206	486.6310	391.9414	348.4163	565.2819	431.1616	568.9976	289.3242	293.1551	527.2161	169.8225	442.9530	317.7146	505.1429	517.8163	387.8158	410.7054	1128.6597	408.2146	692.4356	394.1636	417.9685	362.8982	335.7016	232.0104	455.8824	412.9295	396.7007	350.9365	484.3750	646.8295	514.6922	609.4562	371.0194	487.2029	394.2433	359.6570	573.3020	400.8580	347.3225	256.5254	279.7954	448.4536	462.2860	519.8568	229.0528	437.1773	451.4258	463.1685
PIPSL	352.3985	155.4109	210.3486	155.4054	306.5740	248.4625	598.7886	141.7625	259.7715	255.0156	292.1986	158.8999	328.9377	335.4072	123.1454	247.8581	294.0707	220.4930	240.6084	130.7075	423.6686	531.6928	220.9794	195.4286	194.1811	225.8544	332.3052	198.0981	336.1274	342.4771	143.8553	123.6793	375.3904	412.0782	316.9113	363.8520	142.1083	181.4611	155.7369	206.2500	388.8095	299.4251	188.5974	177.0676	321.7550	322.7213	153.4296	134.1627	260.2479	111.1305	133.8759	247.5703	178.3505	313.8597	400.2997	183.9709	467.5846	209.2798	265.8930
PLCD3	188.1919	313.2628	96.6235	147.6834	168.4576	286.3469	421.1134	113.6654	460.3871	794.0259	296.0993	337.6623	99.6337	718.8914	504.4510	503.6860	711.5129	355.2388	426.8265	187.2889	664.4970	611.4840	993.3495	308.5714	288.6564	522.0406	778.0320	268.3480	539.8156	418.9526	248.2532	269.1385	91.8176	533.4517	96.2471	423.1499	1421.0833	412.4116	125.4351	1205.2083	874.1541	61.1252	188.5974	437.2574	996.3437	201.4828	3071.7509	340.2824	389.4185	832.0544	148.4704	577.4936	231.4433	115.0745	121.2222	118.3971	788.8698	287.0952	73.1584
POC1A	244.1574	211.5541	264.2183	245.1737	352.7181	185.9779	161.8114	172.0945	68.7090	207.3116	137.2340	106.9519	164.8352	342.7602	83.0861	141.8609	115.9266	313.8234	72.8278	91.2321	480.4734	181.2081	444.6796	90.2857	104.2824	244.1803	221.6695	724.8060	308.4661	102.2444	223.5923	86.0828	327.9200	383.6590	178.4093	130.4554	76.8783	118.6174	315.7019	73.9583	185.5075	195.3350	169.6587	128.1467	186.4717	34.4527	73.5560	137.5252	842.2307	430.5913	83.0761	282.3529	561.3402	578.2441	262.7591	177.5956	263.3391	253.7458	367.8103
POLR3G	44.2804	32.5468	155.6237	147.6834	99.5575	74.5387	81.9152	36.0792	29.0268	96.7454	61.3475	34.3774	77.6557	30.5430	46.7359	24.7061	62.2175	275.3246	21.2030	14.9129	128.9941	57.4198	143.5913	41.7143	25.4985	33.6800	418.6648	137.5034	103.1014	32.0033	50.5549	22.0393	79.3254	75.1924	60.2523	46.0152	29.7030	26.7086	60.6035	34.3750	37.8133	93.4596	208.8512	406.5195	121.5722	54.0776	7.2202	144.5864	26.6921	240.3079	44.3447	79.2839	162.8866	133.6278	138.8727	101.5483	105.5651	128.0812	27.7497
PPP1R3F	303.1980	78.9260	84.6525	160.2317	97.3451	52.6445	81.0499	287.3563	134.4786	121.2662	145.0355	115.3552	102.5641	89.9321	58.6053	39.8486	68.5988	40.2487	68.2185	60.5290	54.4379	32.0656	68.0169	62.8571	88.2641	138.1872	138.8917	30.6303	27.6614	58.6035	60.4192	79.8600	250.4685	20.1303	139.2845	46.4896	44.8457	142.9694	81.0396	102.0833	77.8509	138.1962	28.6710	64.5063	25.5941	130.3969	8.5740	71.6207	28.5987	21.8462	103.2837	17.9028	97.4227	84.5941	59.6120	61.4754	44.7504	88.9319	30.7770
PSME3	4613.1611	2420.6672	1061.1486	2398.6486	3518.0152	2942.6814	2951.2547	2122.6054	1892.9885	2103.4329	2471.6312	1863.2544	1591.2088	2783.9367	1695.1039	2102.4108	2554.1080	3184.8991	2929.7073	2363.7002	2842.0118	3367.6361	4297.1584	2012.0000	2232.4289	1797.4245	3754.8503	5224.7956	2131.6010	3213.6326	3793.6704	2775.9124	4053.7164	9969.8046	2812.6858	1970.1139	2108.9109	1781.6182	2422.0258	1841.6667	3543.7717	2130.5245	2499.9014	3708.8948	2930.5302	2860.8809	2380.8664	2351.7149	4172.5453	3346.2643	2653.6626	3591.8159	4047.9381	2593.4843	3523.7699	1621.1293	3200.2295	2103.4316	2892.5328
RAB12	848.7085	979.6583	1842.6875	1063.7066	1383.6915	978.5978	937.1214	1066.7305	1326.7821	1038.3415	748.2270	739.4958	1248.3516	991.5158	683.2344	816.0988	1042.8078	529.0666	1179.0735	414.4919	570.4142	614.4668	887.8476	930.2857	880.3531	1029.2224	653.4673	674.1994	611.0645	1178.3042	1185.7789	463.0842	1465.3342	423.9195	957.3852	1333.4915	738.4974	799.6858	1011.9375	957.2917	748.7029	1188.8415	1191.8196	874.0818	659.9634	679.0231	601.5343	814.3914	1535.2717	1025.5038	951.1647	281.3299	789.1753	498.5091	1523.2703	415.3005	939.1853	790.2368	829.4652
RCN3	993.8499	276.6477	343.7403	309.8456	669.7219	694.9569	1481.3960	448.9144	417.7655	346.8569	630.1418	2338.4263	801.4652	869.9095	339.0208	420.0040	161.1274	456.7355	1346.8541	336.4183	269.8225	214.0194	1320.1330	270.2857	978.7512	1702.3279	477.5644	1487.2339	1154.2330	71.4879	243.3210	892.2020	178.6384	625.2220	272.7002	2672.2011	349.4467	1725.8445	1161.3321	1783.3333	797.1929	2107.4918	1873.6108	987.0760	213.8940	508.5041	87.9964	476.4627	833.1745	1124.6031	434.1847	273.1458	1746.9072	411.7062	167.1801	1969.0346	776.2478	1809.0865	314.3290
RDBP	949.3604	2938.1611	2216.1331	668.9189	2365.5341	3055.2817	1528.2146	2005.1660	1467.7678	2523.4062	899.9078	1116.6387	1879.3919	3667.2681	959.4585	1055.1903	1297.4103	1716.1940	1430.7444	1030.2908	2585.2071	1826.9948	2313.6608	881.1429	1949.6568	1432.8876	2437.8350	3591.9013	2062.8667	1905.8687	1783.7032	901.7385	1477.6765	2409.4257	2244.4247	1385.6736	1058.6546	1362.1367	1212.0700	1112.2604	1636.6744	1208.7737	1182.7264	1080.2811	1159.9634	1538.0811	812.9377	2577.5017	1157.2927	1953.5895	1800.6792	2629.2072	1891.9278	2225.3009	1642.9373	1314.5128	1677.8887	1576.9841	1570.1312
RNF170	413.2841	742.8804	1483.5558	422.7799	1835.9671	218.6962	512.2584	856.9604	239.1956	481.4980	464.5390	361.3445	988.2784	1055.9955	520.7715	633.5923	863.0683	457.3189	632.4038	746.0854	631.3609	376.5846	760.2781	342.8571	547.2377	593.3631	885.4840	242.3788	424.9790	596.4256	441.4303	497.5692	4011.2430	535.8200	413.1585	721.0626	470.0058	417.9104	343.8896	542.7083	605.4573	322.9007	768.0673	703.5081	595.0640	729.1758	625.9025	454.6066	370.3527	539.5056	534.6618	398.9770	258.2474	570.2927	369.6611	602.0036	1100.9753	331.5611	394.5510
ROGDI	340.7134	457.2823	775.5534	450.7722	1110.6195	445.5105	439.8616	602.4904	569.1458	663.3972	697.1631	409.4729	1282.7839	487.5566	656.5282	231.9187	381.2816	480.0681	535.6073	1020.6588	218.3432	398.9560	528.4160	289.1429	491.6639	692.4220	531.6884	354.9119	188.6002	475.4780	600.0822	766.9670	369.7689	548.8455	999.2488	497.6281	669.1904	366.0644	395.3321	464.5833	635.7080	571.8310	354.5736	487.4770	415.9049	494.5486	317.2383	279.0854	434.2231	486.6315	883.2445	268.0307	464.4330	334.6218	421.2805	1772.7687	275.3873	582.4070	333.5015
RPL39	400.3690	956.8755	4729.4221	1634.1699	1159.2920	980.0738	745.0245	4608.5568	1372.7106	2600.0892	1429.4326	262.7960	2214.6520	967.1946	181.0089	438.3343	882.7440	386.1544	550.3572	107.0222	1421.8935	732.2893	2071.0399	985.1429	891.7947	510.1535	5686.9963	786.3995	593.4619	413.5495	268.3929	289.6221	1727.6702	493.1912	974.2089	751.4231	423.9953	967.0071	584.1895	514.5833	414.6115	526.2086	461.8925	501.7636	787.0201	372.0017	254.9639	398.4533	354.1468	523.6750	1517.2607	791.3043	452.0619	958.1447	995.7539	440.8015	379.2312	362.9773	601.9173
SAMD5	12.9151	82.1806	35.9132	32.8185	76.8015	21.4022	443.8996	121.0089	677.5370	150.2452	70.5674	328.4950	38.8278	44.1176	83.8279	11.9546	107.4182	26.8325	239.6866	114.0401	23.0769	337.0619	24.1838	101.1429	196.1425	35.6612	336.6829	123.5200	97.2339	51.1222	31.2372	39.1521	22.4859	17.1699	128.3295	29.8861	564.3564	34.5640	66.9457	133.3333	18.2393	89.9161	244.0981	58.0124	301.6453	79.8081	78.5199	25.5548	101.5253	14.2475	42.3800	325.8312	19.0722	10.8227	259.4289	73.3151	347.1027	26.0996	211.9072
SGIP1	23.9852	26.8511	58.1451	30.8880	42.0354	63.4686	33.4583	60.6641	51.8073	38.7873	37.9433	220.0153	38.8278	38.4615	100.8902	23.9091	29.7793	20.9993	38.7186	53.0725	41.4201	18.6428	44.1354	156.5714	57.8620	208.0238	29.0518	15.6481	126.5717	31.1721	30.4151	81.4157	45.5965	36.7081	18.7799	274.1935	82.1200	135.1139	102.1803	148.9583	70.7331	12.4022	112.3167	193.9518	29.2505	54.0776	35.1986	93.1406	45.2812	14.2475	31.9955	24.5524	28.8660	20.0994	615.4359	63.2969	106.7126	95.2151	33.2997
SIPA1L1	2456.3346	873.8812	246.2617	1474.9035	406.4475	2368.0197	849.1491	1243.2950	1739.7710	803.8342	794.6809	1332.3147	561.1722	480.2036	1384.2730	1699.9402	1555.9692	1531.2015	919.1058	1615.8603	3388.7574	935.1230	1366.0822	970.2857	934.2923	1038.1377	360.5611	835.0084	1572.5063	1817.9551	1034.5253	1589.4211	642.0987	834.8135	839.6194	1342.5047	1237.6238	1287.5098	1035.8970	1427.0833	653.0576	934.5960	1629.5127	1162.8448	843.6929	844.3088	1628.1588	1827.8413	4801.7159	1830.9628	694.6393	405.6266	2469.0722	767.7526	679.7103	1207.6503	679.8623	2277.9120	1137.7397
SLC16A14	82.4108	173.3116	74.3916	138.0309	573.9570	413.7761	2103.2593	3069.2848	2204.5673	2509.1395	1559.2199	131.3980	64.4689	3208.1448	82.3442	77.3062	5094.3898	70.5811	335.5612	898.7236	94.6746	278.8963	175.6348	2435.4286	88.5910	250.1238	3570.5900	1244.8551	433.3613	1710.7232	403.2059	112.2707	144.2848	174.0675	310.2601	138.5199	98.4275	54.2027	307.9503	82.2917	1147.7443	430.9772	998.4875	275.3423	79.5247	1748.8007	47.8339	99.8655	1073.8799	309.0126	163.0648	1640.4092	79.8969	711.2093	4445.5915	55.1002	1260.4705	60.8990	168.5166
SLC25A36	4063.3456	832.3841	1952.1372	1751.9305	1836.5992	1236.4084	713.0084	1034.1635	820.0990	1061.0789	666.6667	1051.9481	1819.0476	1156.1086	1337.5371	339.5099	789.6836	730.3102	641.6225	1411.0268	791.1243	740.4922	724.9093	2011.4286	1570.7748	1684.4973	777.2361	623.9258	493.7133	615.5445	1367.0366	917.0934	1481.5740	1167.5548	804.4070	1388.9943	979.6156	1300.8641	928.0792	862.5000	1775.4447	983.3190	906.1616	1374.5466	877.5137	602.7039	652.0758	1474.1089	1089.6092	1731.8635	957.3393	825.0639	1126.8041	2011.7062	1194.9047	1742.7140	960.4131	1400.1933	1660.9485
SLC36A1	670.9717	216.4361	97.4786	398.6486	195.9545	286.5929	230.7470	145.5939	255.7298	138.6536	292.9078	881.5890	226.3736	368.7783	692.8783	588.1650	205.2646	452.0690	496.8887	250.8882	245.5621	164.8024	341.8984	433.7143	348.4799	498.7618	196.5974	640.5727	424.9790	323.3583	527.3325	497.5692	191.1305	310.2427	275.4390	522.7704	442.6325	990.5734	528.5189	358.3333	418.1704	201.5361	288.5513	581.4224	217.5503	386.8295	208.4838	683.9274	282.1735	532.5401	210.4968	97.6982	418.5567	546.4384	454.5833	473.1330	366.6093	564.0406	345.1060
SNCA	172.2017	14.6461	155.6237	28.9575	26.5487	26.0763	64.0323	33.5249	16.1668	11.5916	57.4468	228.4186	90.8425	72.3982	239.6142	37.4577	33.5017	41.4154	30.4218	29.3873	13.6095	46.9799	66.2031	50.8571	38.2478	55.4730	45.7666	87.8956	35.2054	14.5470	11.0974	32.6700	19.3629	11.8413	21.5187	62.6186	59.9884	59.7015	57.7847	39.5833	17.7945	38.5355	82.0675	25.5428	6.3985	30.0916	13.9892	60.5245	63.8704	22.4794	62.0264	20.9719	26.8041	19.4368	54.2836	38.7067	51.6351	22.2330	26.2361
SNX13	1238.0074	912.9373	1507.4979	1463.3205	2048.0405	916.3592	801.2691	1275.8621	1124.6968	510.9229	699.6454	633.3079	1720.8791	953.0543	870.1780	764.2957	843.3927	615.3972	1377.2759	1054.8708	693.4911	895.6003	841.2938	1255.4286	2881.9876	988.6082	1195.1050	542.6889	799.6647	1778.4705	1090.0123	957.5420	2152.4047	867.3771	1191.3518	938.3302	853.8148	708.5625	1279.0157	795.8333	1886.6603	712.6848	1026.3694	1216.9608	672.7605	1832.9699	1137.6354	938.1305	757.3880	1264.5453	1390.9627	367.7749	1209.2784	911.7615	1224.2111	867.9417	1391.2794	803.7699	883.9556
SOCS1	93.4809	309.1945	282.1749	77.2201	169.7219	70.3567	145.9475	196.9987	188.4905	115.0245	131.9149	297.9374	226.3736	219.4570	173.5905	149.8306	56.8998	227.4928	176.0774	67.9854	128.9941	99.1797	160.8222	79.4286	88.5910	226.8450	157.5963	85.8980	51.9698	34.9127	267.5709	405.2635	73.7039	94.7306	190.9293	782.7324	302.8538	166.5357	436.2042	306.2500	119.6679	194.4491	309.3312	62.3416	103.2907	106.4108	33.8448	260.2555	64.8236	119.0458	685.0968	75.7033	154.1237	222.4186	32.6367	230.4189	43.6030	241.1793	79.7175
SRF	973.5547	1716.8430	292.4358	733.5907	902.6549	1530.1353	934.2371	1473.1801	1451.7076	1019.6166	1051.7730	1656.2261	660.8059	989.2534	1215.8754	841.6019	890.1888	1758.6943	1267.5732	933.8129	1984.0237	1294.5563	1162.9383	1194.8571	1067.3423	1324.4180	920.5054	2013.9418	1700.7544	1060.6816	1353.4731	1067.7384	973.1418	1521.6104	744.5460	1379.0323	1566.6861	1142.1838	923.1463	1398.9583	1060.5513	1384.1765	1332.0181	1332.1197	1505.4845	1147.4051	1060.9206	1354.7411	930.8866	1467.1765	2118.4395	1294.6292	1052.5773	1463.5008	926.1510	1331.9672	1116.4659	1309.8115	1386.9828
SRGAP2	1471.0947	502.0342	336.0446	1163.1274	461.7573	1237.8844	816.5561	651.6603	1615.2130	489.0771	670.2128	1277.3109	568.4982	421.9457	1367.2107	2305.6386	467.4289	843.4733	986.4024	748.7170	1355.0296	495.1529	805.0181	596.5714	779.9935	1388.3110	182.6684	658.5513	820.6203	1092.2693	1041.9236	674.9206	1049.3442	262.8774	868.9630	1456.3567	940.0116	1010.9976	788.5502	1052.0833	850.1315	1101.5831	737.8181	903.9538	500.0000	842.1282	523.9170	1094.1493	1277.4071	636.0720	614.0893	275.7033	1211.8557	1216.3446	827.2417	774.5902	623.0637	1104.3983	1114.0262
SUMO2	6213.4071	2968.2669	6826.0670	4595.5598	5371.9975	4332.3493	3699.1635	4057.1520	3603.3653	4631.2974	3317.0213	2405.6532	3095.2381	3996.6063	1920.6231	3768.0813	3305.5039	3082.8190	3456.0959	1793.4997	4252.6627	3873.2289	5856.1064	2705.7143	3044.1321	2782.5656	6696.2491	6388.0808	4515.5071	3142.1446	2172.6264	2707.2017	5051.8426	2927.7679	4599.5180	3584.9146	1786.2551	7449.3323	4346.5393	2876.0417	2720.3319	3395.1082	4909.5811	2642.5930	3364.7166	2668.1204	2200.8123	2837.5925	2773.5939	2864.0653	4129.6660	4100.7673	3475.2577	5005.4114	3282.3245	2758.1967	2873.2071	3011.1165	5374.3693
TAS1R3	167.2817	11.3914	8.5508	6.7568	17.6991	498.4010	88.5492	74.0741	12.4925	16.4958	10.9929	181.0542	6.5934	49.7738	17.8042	18.3303	8.5084	1252.3770	39.6405	17.9832	39.0533	6.7114	26.6022	30.2857	26.8061	105.0025	35.4194	93.8885	119.0277	7.0657	5.3432	38.3743	5.6215	8.2889	2.3475	2.8463	64.6476	22.7808	39.4627	92.7083	173.9411	19.4892	150.4570	10.3903	22.8519	34.0166	4.0614	47.7471	5.2431	23.4292	12.3491	19.4373	83.5052	3.5340	57.2808	45.9927	6.8847	138.7144	30.2725
TBC1D12	121.7712	279.0887	395.8999	339.7683	265.8028	187.9459	359.1001	279.6935	366.6930	218.4574	212.7660	288.0061	284.9817	245.4751	317.5074	242.2793	253.6559	139.4123	193.5930	308.3469	324.2604	184.1909	185.0060	297.7143	352.7297	218.4250	425.4303	274.0079	300.9220	295.0956	173.8594	198.3535	186.1337	356.4239	110.7233	230.5503	227.7228	241.9482	195.1996	214.5833	192.6253	196.2209	298.8098	161.0492	185.5576	328.3908	333.0325	171.4862	222.1163	118.0960	175.6946	118.6701	153.0928	165.4335	424.9438	261.3843	261.6179	146.9309	294.1473
TFG	4100.8610	2166.8023	1312.5407	3050.1931	1830.9102	3213.0381	2573.1180	1719.0294	1212.8794	4122.6037	1893.9716	1883.1169	1890.8425	3897.0588	1696.5875	2506.4754	2631.7469	2032.2690	2326.8034	2689.5916	1820.1183	2949.2916	2337.9686	2644.5714	2016.3452	1734.5220	2700.2288	1960.3388	2274.0989	1491.6874	2887.3818	2956.8938	5212.9919	5251.6282	2589.6742	3081.1195	1881.7705	1818.5389	2476.2871	2094.7917	2971.6790	4285.8535	1754.4552	3723.6144	4121.5722	1832.9699	2742.3285	3142.5689	3974.7378	3888.6193	2705.3045	4912.0205	4847.9381	4429.3760	2151.0282	2190.3461	4572.5760	2880.6187	2618.0626
THTPA	275.5228	185.5167	404.4507	222.0077	219.3426	197.0480	422.5555	300.7663	328.1131	282.6572	275.1773	317.0359	557.5092	201.3575	354.5994	236.7005	244.6158	267.7415	279.3270	234.2208	176.9231	218.4937	347.0375	313.1429	541.6803	264.4874	256.6909	346.5884	297.5692	386.9493	317.3037	627.7306	298.5634	746.0036	368.1649	468.2163	291.7880	210.5263	336.8427	247.9167	223.3208	217.9248	184.9148	505.2271	262.3400	282.1631	172.8339	169.4687	349.3804	385.9491	374.9649	250.6394	300.5155	470.2374	226.7921	205.3734	119.9082	356.2107	219.9798
TMEM109	2296.4330	2568.7551	2324.9500	2223.9382	4363.7800	2349.0775	2182.2902	1567.6884	1158.1327	1174.7659	2938.2979	3477.4637	2572.8938	3564.4796	2548.9614	4541.9406	1977.1337	2263.8450	3080.8942	2648.3618	5988.1657	1673.3781	7658.1016	2086.2857	2740.7650	3207.5285	1316.8839	2737.0830	2757.7536	3724.0233	3771.8866	2830.3624	2752.0300	1487.8626	3960.2178	3171.2524	2875.3640	3410.8405	3546.7140	3032.2917	2548.1702	1981.2549	2925.2318	2417.0375	1867.4589	1658.0898	2236.4621	2933.7592	2194.9476	3024.2706	3500.7017	1275.7033	1908.2474	3347.7637	2206.6439	2640.2550	1538.7263	2433.0594	1822.9062
TMF1	2206.0271	1559.8047	1119.2937	1706.5637	589.4437	1356.9496	724.2573	1154.2146	1315.3918	1114.5787	984.3972	1132.9259	1447.6190	1095.0226	1540.8012	1142.0602	1249.6676	929.2206	1121.9175	1370.6742	1217.1598	958.9858	678.9601	2086.2857	1271.9843	1062.4071	911.7501	823.3556	887.6781	1015.3782	1580.7645	1117.2619	2592.7545	824.1563	808.7108	1362.9032	1205.5911	850.7463	1193.0433	1288.5417	1484.0600	1034.6996	1365.6869	1620.0169	1373.8574	1747.0563	3199.4585	1262.6093	1328.4080	1438.6815	825.4280	907.9284	1826.8041	389.3981	1110.9816	885.7013	1090.0746	1151.2808	2402.6236
TNFRSF6B	42.9274	1291.3426	110.2705	69.5077	33.6694	59.6974	66.0686	120.9994	69.8297	81.4445	239.4894	291.2529	55.0476	130.1075	101.0682	650.2251	422.0473	79.0508	43.3740	55.1077	30.5503	57.4497	79.8126	128.1371	23.4717	373.7642	11588.5783	71.5983	35.3562	10.3574	102.6346	753.8472	11.9238	62.2795	36.8830	1842.5380	1174.9214	103.4878	134.5750	549.0938	301.2962	179.2697	200.1420	859.4272	6059.0311	69.6337	126.1688	117.0309	9.1659	1166.3198	146.4749	203.3760	124.3402	126.3920	44.0530	92.7049	60.5106	409.5408	33.5318
TP53BP2	972.3247	1385.6794	719.1184	1053.0888	919.7219	2213.5301	1925.2956	901.0217	384.6970	609.0058	1535.8156	965.6226	1849.0842	1191.1765	1378.3383	2023.5107	1093.8580	1022.5510	1538.6034	911.4435	1582.8402	1609.2468	1328.8996	1188.0000	1190.5852	1206.0426	793.9509	1505.2126	1139.1450	3003.3250	894.7801	1281.6491	1872.5796	924.8076	1223.4342	1636.6224	1195.6902	1105.2632	1005.5953	1215.6250	1270.5262	1481.1796	1540.6063	1400.5223	1324.4973	1770.6062	1327.1661	1072.6295	1608.1983	885.2450	915.5206	945.2685	1982.4742	1300.9387	2586.6289	1104.7359	1619.6213	1246.4959	1446.0141
TPRA1	845.6335	793.3279	833.6985	488.4170	1475.6637	721.2792	631.0932	1052.6820	529.0962	1153.3660	680.1418	1285.7143	810.2564	817.3077	1057.1217	818.4897	562.6163	626.4802	636.0913	878.1087	1027.8107	627.8896	772.0677	738.2857	688.4603	579.9901	920.5054	757.4339	414.0821	384.4555	596.7941	814.6756	869.4566	1261.1012	1375.2387	687.8558	962.1433	963.8649	747.6780	743.7500	557.8571	581.5756	624.7123	638.1360	1038.3912	465.3293	657.9422	695.3598	620.5910	460.3528	949.4808	711.5090	609.7938	1688.1281	502.5393	729.5082	479.6328	730.7878	729.5661
TTC31	543.6654	381.6111	288.1604	557.9151	392.5411	488.5609	453.9948	464.2401	686.7227	447.6148	470.9220	600.4584	400.0000	481.3348	518.5460	430.3646	517.9474	455.5689	348.4674	479.8456	353.8462	622.6696	378.4764	751.4286	522.0660	624.5666	464.0334	668.5394	337.8039	279.7174	643.6498	600.2463	318.5509	537.0041	321.9976	381.8786	457.7752	329.9293	529.9283	405.2083	633.0388	513.8063	399.0268	543.3247	376.5996	491.4959	377.2563	488.9038	461.8684	664.8836	369.0710	369.8210	535.0515	606.0740	798.2683	460.3825	391.8531	542.2910	276.9929
VGLL3	328.4133	279.9024	236.0008	222.9730	308.7863	274.2927	164.6957	399.1060	360.8142	158.7160	335.4610	1865.5462	160.4396	386.8778	714.3917	242.2793	215.9000	235.0759	873.9341	262.2922	114.7929	316.1820	461.0036	1225.7143	306.6362	610.6984	196.5974	123.1870	2009.2205	253.9485	47.2667	215.9850	352.9044	91.1782	83.7272	1068.7856	675.5970	739.9843	414.3588	1139.5833	874.1541	93.9025	783.8495	479.2514	209.3236	289.1409	212.5451	622.0578	458.0553	164.3212	226.2139	40.4092	362.3711	20.0994	208.1425	233.6066	684.4521	304.9783	339.5560
VPS39	1795.8180	1188.7714	896.1190	1250.9653	942.4779	1341.4514	1316.7003	1754.7893	2122.2635	1714.6679	1337.2340	2075.6303	1229.3040	977.9412	2150.5935	1435.3457	1749.5347	1214.4615	1140.3549	2574.6743	1062.7219	1503.3557	1099.1536	1513.7143	1384.4394	1847.9445	1422.3460	1090.0389	1373.8474	2293.4331	1586.5187	2724.8331	1651.4678	1404.9734	1257.0816	1322.1063	2126.9656	1625.2946	1089.4536	1820.8333	2117.0988	1097.5966	1304.9254	964.1308	1281.5356	1724.8147	2123.1949	1926.6980	1120.5910	1516.5679	1163.6262	2104.3478	1803.0928	1146.1071	1793.0231	1348.3607	2025.8176	1607.0565	2502.0182
XYLT1	325.9533	197.7217	48.7393	106.1776	252.8445	420.1722	868.7626	328.5441	738.1626	117.2537	540.4255	844.1558	145.7875	150.4525	386.4985	313.2098	162.1909	123.6628	496.8887	376.3323	113.6095	89.4855	311.3664	644.0000	417.7836	1034.6706	41.7869	468.1108	993.2942	218.6201	293.4649	250.7292	169.2692	56.8384	27.7786	505.6926	514.8515	624.5090	264.9641	872.9167	222.4311	93.4596	1169.9875	531.6357	828.1536	178.8051	695.3971	397.1083	695.4242	203.5810	221.7233	156.0102	193.8144	428.4925	1382.7325	224.4991	658.6345	369.7438	226.0343
YIF1A	1417.5892	1718.4703	3451.9394	871.6216	3462.0733	2049.6925	1485.7225	1107.5990	2070.4561	2663.3972	1651.4184	1343.0099	3155.3114	1922.5113	1020.0297	1511.8550	2801.9144	2140.1822	2204.1945	1777.2709	1321.3018	1722.5951	3024.1838	1146.2857	1821.5103	2099.5542	3100.1890	1269.8254	1510.4778	911.0557	1291.8208	1345.6926	1463.4603	6185.3168	1674.5438	1839.1841	1312.1724	1859.3873	1924.5134	1197.9167	1284.3169	758.3073	1364.6347	1400.9553	1851.9196	898.3864	1138.0866	1430.3968	862.7264	1369.9769	2647.7687	2270.5882	1478.3505	2035.7813	649.4047	2024.1348	1573.1497	1381.3436	794.1473
ZBTB25	163.1242	73.8568	140.7967	183.0212	37.1681	89.6876	62.7747	62.5223	157.1011	114.1239	107.2695	95.2101	134.2344	74.1290	98.2270	145.4951	83.6692	73.1710	71.2238	76.4727	72.8994	117.0097	148.2799	88.6971	96.7996	98.7816	165.7706	45.5159	69.8072	80.1953	116.2433	122.8288	55.6902	121.8236	92.7924	202.2154	78.9109	93.5271	85.0634	74.1458	112.6524	52.3861	124.7689	113.6609	77.3218	64.9542	42.1435	130.5649	73.5367	134.2463	79.3236	61.5499	82.3918	167.9647	73.8989	99.8270	69.6271	95.3262	70.7921
ZNF330	630.9963	1737.9984	612.2340	717.1815	335.9671	651.6605	820.0173	2010.5364	653.6542	459.6523	918.4397	491.9786	517.9487	502.2624	623.8872	384.9372	629.0880	653.8960	807.5593	2686.9600	759.1716	473.5272	592.2007	920.0000	816.2798	555.2254	654.2633	1151.2995	402.3470	727.7639	615.2898	800.4149	676.4522	343.3985	445.6321	582.5427	518.9284	619.0102	596.1693	520.8333	390.1441	535.5102	839.0873	718.6606	571.2980	812.0366	507.6715	619.3679	423.7369	757.6507	692.9554	516.1125	750.0000	689.5638	1364.7490	556.9217	410.2123	746.2542	684.6620
ZNF396	28.2903	26.8511	85.5075	38.6100	71.1125	31.7343	33.4583	101.5326	48.8679	24.9666	53.9007	25.9740	201.4652	23.7557	100.1484	11.1576	55.8362	13.9996	48.8592	66.6696	7.6923	70.0969	20.8585	22.2857	76.1687	22.2883	11.5411	25.6362	33.5289	68.1629	32.4702	40.1893	31.2305	68.6797	65.3385	44.1176	32.0326	22.7808	21.8454	59.3750	75.6266	27.0191	44.1902	48.4879	26.5082	41.4304	40.6137	39.3410	38.1316	58.2565	47.1513	12.2762	13.9175	41.7449	33.9689	49.1803	22.3752	39.1493	39.8587
ZNF485	60.2706	61.0252	92.3481	144.7876	37.2946	46.7405	64.8976	42.4649	56.9513	72.2247	65.2482	17.5707	60.0733	66.1765	29.6736	27.0970	46.7961	51.9150	40.5623	32.4576	66.2722	44.7427	44.1354	93.7143	108.5322	40.1189	133.3201	142.4975	39.3965	65.2535	58.7752	45.3750	106.1836	110.1243	55.9485	120.4934	27.3733	61.2726	79.6302	29.1667	73.4022	39.8643	32.8796	101.3052	64.8995	69.7776	34.2960	108.9442	75.3098	75.6701	74.9369	53.7084	37.1134	41.0823	29.9725	44.1712	41.8818	114.5481	58.0222
ZNF506	990.1599	494.7111	146.2179	943.0502	326.4855	133.8253	211.1335	271.7114	579.8012	164.0660	335.8156	282.6585	335.5311	345.0226	261.1276	86.8699	264.8232	313.2401	337.4049	388.6135	305.3254	245.3393	164.7521	490.8571	569.4671	370.9757	56.5118	240.3812	181.8944	328.3458	328.4012	291.1778	456.5896	254.5885	325.1275	593.9279	220.7338	239.5915	458.7544	266.6667	410.1629	534.1814	270.4018	408.2512	192.8702	170.9551	206.2274	325.1513	227.3594	88.9678	322.2004	331.4578	200.5155	299.7239	165.5149	416.2113	80.3213	279.3620	420.2825
ZNF700	300.7380	157.8519	531.0018	643.8224	146.0177	129.6433	113.3545	164.4317	197.3088	259.9198	208.1560	216.9595	328.9377	230.2036	339.7626	87.6669	136.1340	228.0761	195.4367	232.0277	160.9467	142.4310	113.9661	218.8571	424.6486	361.5651	59.2976	87.2297	155.0712	128.8446	395.3966	249.1735	256.0899	167.5548	183.8868	495.2562	244.6127	190.8877	305.8363	212.5000	318.0764	435.8495	216.4793	247.2019	290.6764	149.5857	149.3682	223.9408	106.7684	261.8375	152.9610	219.9488	104.0464	484.1524	210.4737	374.3169	60.8147	364.4273	227.0434
ZNF711	411.4391	39.8698	22.2320	11.5830	2.8445	26.0763	119.9885	73.1162	25.7200	72.6705	212.0567	110.7716	29.3040	22.0588	117.2107	6.3758	67.0035	49.5818	23.0468	40.3526	116.5680	273.6764	67.1100	148.5714	21.9026	23.7741	20.6945	98.5496	107.2925	51.1222	87.9573	155.5714	78.0762	191.8295	43.0373	183.1120	101.3395	63.6292	33.8252	110.4167	204.6366	34.1061	22.6212	71.0002	215.7221	39.2499	245.0361	166.7787	112.4881	16.1472	43.5027	120.2046	40.2062	332.6339	22.3129	37.7960	175.5594	75.8821	174.5711
