ID	7907	8174	7670	7669	8074	5055	7713	1678	A4N1	A48X	A4BC	A4EZ	7539	7910	8192	7711	6217	7914	8640	6212	6978	5428	8674	8279	A4BD	6851	8280	7039	6562	A4TI	4626	A4D0	8055	4676	4627	6744	7626	6712	6830
ALDH6A1	240.9773	1100.5626	220.1839	339.5279	489.2602	121.9103	437.0853	103.4231	82.6924	415.5425	206.3577	484.3317	333.3019	369.9907	439.0502	203.7316	518.0336	746.5667	174.6813	1552.3399	181.3957	170.9789	421.8325	249.4163	237.2904	308.3993	631.5304	256.9357	504.1136	133.4787	632.4439	168.0642	171.0716	409.1662	331.7074	321.7006	310.5173	714.6583	301.9387
ANKLE1	111.0242	6.0229	28.1320	18.0944	10.3645	23.2558	37.7563	28.0965	79.7424	22.9717	51.3773	10.6226	8.2474	40.7407	3.5739	36.7863	7.3914	22.4888	188.3705	7.0150	84.2997	189.2217	7.0826	11.5556	26.3003	39.1769	8.7241	157.8571	6.4317	20.5021	14.2526	13.4946	10.7158	2.1108	2.1890	13.2383	10.2434	60.9456	17.6245
ARHGEF10L	861.6106	434.7409	429.7086	784.5001	1237.3124	517.4419	275.3562	290.3301	1465.8772	1187.6833	1289.1645	1905.7736	789.3962	166.6667	934.0216	565.3325	616.8961	70.4648	930.1240	914.2919	780.3128	524.9618	770.6577	943.1111	905.6081	1505.5540	1168.6659	741.4286	1052.6598	1402.8541	931.1691	1136.8078	1038.5769	546.7018	663.9912	1024.9491	1737.3947	983.1952	667.4330
ARMC6	375.2932	480.4024	837.1528	477.1343	523.5883	773.2558	347.2615	1038.6326	1080.6773	416.3881	887.7285	607.4555	788.5125	304.6296	322.0910	472.3249	443.4829	737.0015	1186.8417	475.4396	583.5666	505.6202	878.5329	555.8430	513.7332	372.8283	392.1919	662.8571	436.7788	678.1060	696.7705	716.1052	387.9126	514.9815	678.5662	545.3157	604.3465	396.1461	1153.9540
BCO2	14.8554	10.6769	48.2263	29.4418	13.5811	13.2890	0.7215	1.8731	5.4015	45.4545	67.8851	10.6226	12.9602	13.8889	29.2820	14.1260	22.1741	10.4948	21.0066	10.9123	11.5282	13.0804	1.1242	18.9630	72.7643	25.0641	29.8073	3.5714	2.6799	13.8389	16.2887	7.9107	13.7162	10.5541	7.6614	22.4033	11.3816	17.0289	44.4444
C14orf129	586.3956	318.1165	472.0612	356.9813	848.8206	906.9767	613.2387	3314.4463	380.5962	514.1740	398.1723	848.2345	520.7658	431.4815	800.3754	606.2390	378.6662	877.5612	402.0423	761.5202	676.5593	3614.5629	661.0455	293.3333	605.7843	418.3993	447.8372	510.7143	720.8897	464.8844	645.4386	516.0540	630.5186	718.2058	1078.4385	400.7128	410.0206	483.0831	767.0498
C1orf86	308.9289	562.3051	511.9561	188.8811	403.4668	789.9419	382.7427	1461.0443	1751.1624	570.5376	914.9543	922.0458	402.8689	554.6667	310.1642	442.7575	653.3811	530.4698	608.3851	752.4397	339.5513	1326.4269	838.2687	466.4919	735.3836	423.7311	683.9258	627.3429	352.9519	861.2561	379.8473	343.8669	301.2688	538.6491	582.9989	546.8686	428.3734	600.2778	362.4598
C7orf28B	1462.8616	759.4278	515.6504	786.9536	838.8134	1475.9136	513.9181	751.1122	3164.0179	950.6354	1110.3133	463.4602	625.6259	596.2963	1040.6382	672.1601	1220.1466	1435.2824	976.8053	574.4528	935.5828	2160.8895	531.1973	1007.1111	956.4554	790.0883	301.3450	849.2857	1705.4804	614.0370	334.8227	328.5249	2381.9117	2806.8602	828.1649	1010.6925	508.1865	883.7105	461.3027
CAPN10	369.9062	420.5489	547.0778	727.8217	271.9800	251.9601	935.7061	424.2660	1593.4434	601.5103	1004.6540	845.7008	417.4669	402.3704	231.7072	335.1001	285.5632	325.0575	735.1189	232.2754	242.9453	434.2708	515.4581	297.0370	447.1056	498.4962	473.2824	255.1714	283.5321	580.6904	314.4845	617.0544	273.0390	165.6992	170.1204	146.2627	257.4622	162.2227	128.5134
CARM1	649.7263	703.0320	612.1029	664.2796	948.8921	956.8106	674.8031	730.5081	1773.7613	904.2033	1544.3864	1210.1898	1038.2916	674.0741	921.2576	922.3072	1096.1988	1066.4668	2551.1306	773.9914	1216.5818	758.6658	807.1951	1134.8148	686.4387	968.1003	863.6859	1291.4286	1205.9494	1328.0216	1226.4012	1079.5719	861.9803	1191.0290	1347.3185	973.0143	1153.5208	1046.8295	777.0115
CDK2AP1	2305.7076	1461.3647	2674.0861	1675.7267	2303.0736	2456.8106	1517.4653	4029.9696	1952.0100	997.5562	3101.8277	2900.3639	1806.7747	4562.0370	2462.3182	2758.9759	1212.7553	959.5202	1301.8235	2095.9344	2455.4995	4239.8082	2337.2681	2539.2593	2420.5072	1690.1168	1702.6536	2000.7143	1528.6078	3067.1097	2291.9518	1877.1522	2858.5512	2325.0660	5201.7512	1574.8473	1845.8041	1946.6726	2144.8276
CGGBP1	1517.5919	1921.2922	6727.8770	1600.3006	2913.1558	1890.3654	1646.3705	1832.8260	877.9474	2275.6598	1815.2742	2560.0472	1883.6524	1684.2593	2339.1835	2005.3090	1533.9961	1497.7511	1094.6754	1504.3337	2307.0743	2164.3776	1498.0326	1433.4815	1732.3152	2884.3663	1681.2177	1741.4286	1480.9058	1634.5275	1714.4008	2117.2638	2083.5834	1592.6280	2123.6848	1813.6456	1937.4484	1962.8053	1815.3257
CHCHD8	659.1087	364.3830	1011.2064	924.6552	1783.0593	1097.1761	628.6298	2444.3924	4550.1195	687.1945	1549.6084	1316.8093	1558.4683	1279.6296	552.9798	1377.2808	844.3233	976.5117	879.3581	877.6579	709.7028	2702.4199	1186.0596	1326.8148	1357.0971	680.1481	592.8753	1310.0000	605.6546	575.0831	633.9008	1348.5342	505.7865	1470.7124	778.1831	683.8086	548.8756	797.6697	746.3602
COQ9	888.9758	541.7836	752.7630	891.5332	863.8313	1093.8538	844.3456	1520.9553	976.8360	719.9413	968.0157	1208.2227	1048.3063	1801.8519	723.0408	520.6004	1280.4148	1172.4138	1315.8279	1004.7079	567.7622	1086.5489	1666.6667	2127.1111	1330.7968	629.7351	966.5576	1114.2857	737.5050	719.6227	795.6564	1744.0670	960.9944	737.2032	919.0077	1205.1935	709.0710	632.7582	822.2222
COX7A1	82.8772	133.3242	34.6240	35.5755	86.1330	310.6312	19.2389	122.6879	82.2686	65.4936	149.4778	32.6547	52.7246	49.0741	130.2675	30.6062	69.9338	46.9765	23.9241	66.2530	109.5176	272.0733	57.3356	122.3704	50.8473	38.4506	129.4075	64.2857	94.8680	130.1881	140.9423	10.7027	109.7300	78.1003	614.7391	106.9246	117.5146	43.0204	137.1648
CUL3	2264.2690	1671.6173	3240.4359	1879.3655	1619.7284	1897.0100	1932.7842	1785.0620	1590.5266	1584.0665	1071.8016	1688.9938	1404.4183	1949.0741	1819.2398	2184.8146	1523.1933	1780.1099	1617.5055	1565.9101	1472.3630	2112.0558	1413.7156	1287.4074	1807.7095	1864.9957	1599.7819	1869.2857	2007.2357	1306.4944	1419.8292	1361.5635	1926.2752	1486.0158	1445.0930	1531.5682	2269.4826	2030.9209	1275.8621
CXXC1	358.0923	743.8231	795.7338	989.3657	667.6197	805.6478	523.0566	1152.8916	862.1585	1223.8514	1011.7493	426.8713	600.8837	465.7407	441.1075	521.7775	571.4107	979.0105	1312.9103	586.1445	592.2596	507.5213	1212.4789	663.7037	770.5997	805.4685	660.1236	665.0000	589.0393	979.4864	871.8964	1240.5770	492.4989	584.6966	500.5472	618.6354	603.5071	587.0491	583.9080
DDX10	410.4769	245.5684	549.9652	805.3547	372.7663	409.4684	551.9149	376.4926	258.4398	343.5973	848.5640	319.8584	620.3240	587.0370	527.8273	943.4962	365.5891	619.6902	743.9825	507.4203	592.9801	592.1081	452.5014	856.2963	393.6283	464.8248	450.7452	730.0000	419.1344	389.5393	321.0226	402.9781	415.7737	1033.2454	385.9905	478.6151	385.8348	644.4096	487.3563
DYNC1H1	8031.2744	9058.3807	8822.9384	11301.9543	9708.3631	4729.2359	10956.2917	3563.5683	6240.3656	8551.3196	6101.1749	6074.1615	8138.1443	3705.5556	9044.7677	6280.7534	6864.3198	8167.9160	7012.6915	10542.0278	10838.6381	1401.3516	7323.2153	5003.5556	5068.9507	10181.7146	8541.9847	7181.4286	7796.3286	9037.3125	7181.4943	6684.0391	9995.2850	5549.3404	5211.6016	7005.6008	9090.1654	7884.3827	8062.8352
ECHDC2	391.7123	1232.4961	359.8423	431.8124	849.8928	419.4352	575.4825	489.8150	1849.7974	1153.4702	768.9295	942.2642	1004.4183	502.7778	655.8423	291.9364	1726.7406	653.6732	574.7629	589.2623	314.8630	949.6403	1234.9635	1063.1111	2794.8486	1089.4332	1116.3213	607.8571	330.6981	644.7901	609.9203	1110.7492	357.0510	668.6016	257.2054	513.2383	432.4992	321.7567	486.5900
EDEM2	1275.9969	925.0565	1849.9111	684.5208	933.8813	1514.1196	1403.7155	697.7289	825.1792	1158.3578	1552.8721	582.2760	898.6745	855.5556	924.2609	1176.2802	1032.5192	1061.9690	924.8724	1530.8349	949.2725	2820.1439	2150.0843	1016.8889	1317.6466	1035.6024	994.1839	760.0000	1372.6383	1003.0638	1238.8440	583.9926	1146.5924	1071.7678	1485.2244	1602.3422	925.6052	807.5286	1281.9923
EIF3J	1211.8843	830.0595	988.3299	1654.5654	1059.3281	1334.7176	1817.5915	2180.2856	387.2442	691.1046	859.6606	1022.9173	726.6568	1542.5926	995.2135	2447.9105	1076.2990	1544.7276	1545.1495	1006.2668	1561.3461	1283.6276	1483.9798	1214.5185	1295.7297	747.6502	1052.7081	732.8571	1004.4218	1011.2646	1292.2346	1401.5821	1078.8684	1457.5198	1219.2630	1237.2709	818.6185	811.1136	1132.5670
EIF3M	1498.7568	1073.8841	3120.1267	2413.4880	3858.1844	2902.6578	1330.0571	5384.8092	1550.0654	1793.1916	2153.1789	1493.7936	2264.7452	1639.7315	1743.6809	1232.4662	1617.4448	2517.1364	2717.9460	3633.6753	2486.0743	2482.5550	2376.9871	1848.1926	3677.4790	1699.4617	2477.5064	2492.7143	1886.0083	2883.0318	1886.2530	2465.2396	1774.0420	2684.8443	2768.1868	2239.1650	1401.4254	2288.9267	3320.9425
ENC1	2946.0516	3264.6499	6205.5275	908.2077	1830.4146	2117.9402	1831.3882	641.4797	849.9595	3518.3871	961.4099	754.1733	1650.5155	475.0000	2828.2196	1293.7934	3016.4629	1769.2754	498.8417	1025.5971	2615.6761	844.7787	816.0933	2409.1230	1655.1676	2091.7744	5943.0062	4873.3071	3359.9946	2405.3029	698.2750	4123.0154	4519.0441	909.6781	3120.5509	2060.6365	2773.0169	1149.7916	1686.6130
ESYT1	3683.3464	1570.3237	3931.3703	4442.0250	2235.1680	2694.3522	2597.9679	1320.5338	2237.8726	2289.3451	1849.8695	1469.0666	3255.6701	2184.2593	2522.3839	2339.0230	2377.7508	2593.2034	2566.3020	5187.2233	4727.6291	1544.3645	1296.7960	2677.9259	2125.0668	2857.8752	2511.0869	2927.1429	3159.5873	5836.9393	3213.1667	1696.1377	2648.5212	2859.6306	4447.6468	3508.1466	2804.1312	3756.2178	2807.6628
FAM164A	662.2361	258.1617	353.0412	424.7587	387.7770	527.4086	293.3927	569.4217	236.4184	352.8837	355.0914	164.0602	516.9367	61.1111	581.5110	107.1218	209.2330	659.6702	141.2108	134.8444	476.6176	163.0695	232.7150	385.7778	262.1266	178.8664	306.4340	61.4286	215.4630	308.0436	228.9463	801.3029	373.3390	366.7546	479.7519	158.3503	285.3926	922.2496	330.2682
FAM3C	4591.8686	799.9452	1292.5265	1006.8467	2835.2395	2885.3821	1338.5439	5422.6177	2908.9020	1459.9218	962.7937	2890.9216	1753.7555	1657.4074	3284.8428	1678.9288	1335.5659	974.5127	2385.9956	2375.7561	5719.7719	4345.3237	1026.9815	1536.8889	2730.8512	1654.7992	2125.0454	8171.4286	3732.0113	3591.9627	944.5167	1405.3048	2680.6687	4428.4960	2283.1084	1489.3075	1435.7835	9477.9296	1713.4100
FBXO28	1390.9304	1287.5231	830.3578	1120.0135	1443.1737	692.6910	1422.9544	904.7062	973.5120	1266.8622	725.1958	536.2447	1065.9794	1541.6667	1098.0760	1340.7887	1568.6787	1250.3748	1588.3297	844.9211	1492.5373	1732.7229	1315.9078	1205.6296	794.2700	771.8599	1043.2570	1357.1429	2106.3915	1166.5678	975.7367	1422.9874	1711.5302	1452.7704	1351.3316	1366.0896	1506.0646	1546.0453	950.1916
FUNDC1	364.3471	242.8307	407.7595	226.3335	468.1916	498.3389	254.6744	896.2772	221.8760	232.1603	296.3446	392.6429	551.9882	925.9259	409.5730	247.4985	478.7341	275.3623	364.6973	465.3302	269.1106	401.1336	260.2586	325.9259	540.9102	206.4939	342.7844	195.7143	259.9491	175.2927	263.1073	203.8157	266.1809	493.4037	347.3185	346.2322	211.6970	265.2924	547.1264
GPM6B	67.2400	226.4048	86.5600	242.8945	35.0250	94.6844	32.4656	44.9543	95.9801	97.7517	127.9373	23.9992	24.1532	47.2222	199.3430	166.2743	114.2821	42.4788	33.8439	328.9269	77.4549	61.0421	186.6217	273.4815	110.4614	119.3392	171.2105	35.7143	87.3643	62.0188	243.1989	63.7506	60.8658	46.9657	168.5516	116.5988	258.6459	53.7755	504.9808
GPN1	1437.0602	491.4270	1413.0922	964.3126	981.1401	1112.9568	877.1142	3278.7357	829.3342	975.4692	615.9987	969.1866	683.3579	637.9630	820.2722	2091.8187	591.3106	1040.9795	985.4705	1205.0259	1403.6227	5128.9993	708.7352	636.5719	896.8413	926.3743	697.9280	1027.8571	1151.2796	1101.9043	797.6540	1031.9079	1141.7703	2456.4644	1435.8190	1013.2383	845.0806	947.3448	1157.5019
HEXDC	373.7608	779.6865	170.9560	303.9248	287.7055	410.2990	245.0550	171.3884	604.5497	738.0254	646.8668	538.9987	1298.6745	346.3981	294.6973	190.1118	568.0220	412.7936	446.3895	253.3204	255.7956	135.1646	373.8055	545.7778	991.5225	614.3549	492.9335	191.4286	175.2646	689.3821	353.3737	3364.6999	246.8924	249.1451	182.7873	199.0835	277.7100	418.5525	218.4138
HMBOX1	82.8772	137.1569	65.2292	238.9076	47.8914	47.3422	94.9919	46.8274	50.6908	113.3920	99.2167	40.5233	54.4919	110.1852	112.2478	115.0677	90.9709	58.4708	103.8658	66.2530	116.0022	31.3931	119.7302	39.7037	31.5604	101.6804	70.1563	32.8571	79.8606	71.2447	91.1713	57.7013	90.4415	48.5488	62.0212	65.1731	98.1659	45.7092	81.9923
IMP4	820.1720	575.7306	934.5390	489.1625	454.6104	909.4684	762.0994	1155.7012	1440.1163	535.6794	614.2298	1359.6931	948.1591	515.7407	393.8057	934.9617	485.5570	833.5832	1106.3457	1106.8155	554.4328	2324.8310	922.9904	802.6667	782.8732	625.7477	599.7819	619.2857	596.0070	741.6624	546.1230	756.1657	606.5152	641.1609	668.7340	879.8371	528.9579	375.5322	590.0383
INTS2	721.6575	369.5846	559.8578	328.7663	306.2902	221.7608	928.5156	213.5331	236.0029	343.1085	341.3838	185.3054	349.6318	343.5185	419.7091	549.1466	415.6231	232.3838	338.4391	217.4659	448.1575	334.8594	200.1124	331.5556	184.1023	398.4620	249.0004	416.4286	585.8234	258.8386	329.6194	528.1526	387.9126	434.8285	260.1240	435.3360	387.5420	501.9045	448.2759
IP6K1	838.9367	1644.2406	1045.5213	772.8461	1080.4146	958.4718	1113.2087	459.8455	855.5105	1024.9267	1253.2637	815.1864	1344.9190	738.8889	920.5068	1086.8158	883.5545	965.0175	1185.7039	1147.3468	1154.6179	899.0626	1264.7555	1269.3333	920.5116	1142.4096	1078.5169	1176.4286	1004.4218	1092.2478	1531.5876	1042.8106	1006.0009	830.6069	1569.8650	1223.0143	1008.1215	1311.2256	795.4023
ITGAE	372.9476	361.6453	311.6160	308.5251	355.6112	502.4917	144.2915	1320.5338	262.1793	254.6432	1544.3864	213.6323	329.3078	188.8889	192.2102	246.9099	226.2900	352.8236	273.0853	221.3631	749.6911	660.9985	269.8145	208.0000	506.7197	1388.2085	318.0662	239.2857	259.9491	540.7421	271.7041	450.4421	330.4758	354.6174	386.7202	257.1283	516.1536	319.0679	269.7318
KIAA1430	866.3018	1531.9964	745.6527	926.8020	1122.9450	941.0299	675.0436	1431.0466	371.0398	948.1916	552.2193	493.3609	764.3594	314.8148	1379.6340	707.7693	1316.2346	1729.6352	1151.2764	1137.2139	1131.9219	1144.9749	514.8960	631.4074	652.2482	665.6223	1123.5914	839.2857	949.7521	585.8467	937.7298	1067.0079	1242.1775	1339.3140	1105.4360	1122.7088	1280.1407	1901.8597	780.0766
LAMA1	25.0195	15.6047	22513.3318	239.5210	51.4653	12.4585	8.4170	12.1751	29.0849	70.8700	41.1227	2.7540	1396.7599	28.7037	41.6706	98.8817	11.9399	38.4808	19.2560	34.2957	61.2434	11.3364	7.3075	29.0370	12.2735	24.7793	12.7226	12.8571	36.4465	43.0543	95.2435	574.2206	87.8697	16.3588	69.3178	53.4623	27.0312	14.3401	353.2567
LRP1	6903.0493	19387.5847	5694.4122	7394.7879	9618.6562	5232.5581	3437.2633	967.4549	5717.6691	8809.3842	10109.0078	2676.8958	5903.6819	6036.1111	17124.7302	10171.2772	8500.0895	5214.3928	6326.4770	6628.4218	14573.0435	1167.6477	3278.8083	10048.8889	2559.8990	9878.6670	11870.5925	4438.5714	11141.9000	12575.4572	12582.5462	3533.2713	16750.9644	3642.2164	15375.4104	11290.2240	13739.5316	6197.6249	14402.2989
LRRC59	4919.2260	2229.3204	5759.5332	3414.0416	4527.7127	3495.2658	6288.1837	5110.0819	6632.9989	3059.5992	4007.1867	3809.2220	5065.3166	3449.7870	3279.3243	6630.0824	5162.2835	3185.8671	5261.5609	2690.0137	5464.5491	3586.0214	4171.0287	3988.0267	2557.2427	3433.7938	2682.4282	5359.1286	4109.2054	3484.4037	4909.9214	7498.1480	5381.7745	8746.4222	4284.4327	5183.7118	3352.1589	6276.5673	4928.2529
MAP7D2	334.6364	48.4566	35.2423	6.1337	630.0929	14.9502	48.3376	10.3020	89.7476	162.2678	281.3316	82.6202	262.7393	30.5556	187.3299	20.3061	193.3131	2.9985	307.5128	117.6966	58.3613	87.2030	9.5559	663.4074	196.3758	430.9314	430.0254	245.0000	1054.2677	34.3410	10.4067	72.5919	267.0381	684.9604	43.7796	438.9002	215.6805	238.4047	711.8774
MDP1	288.1235	132.6343	273.7553	96.7468	108.4989	358.0980	128.6479	1070.5783	203.8309	138.3724	155.9922	154.6415	167.5258	130.0278	147.6715	105.5680	124.6187	154.5627	183.7024	149.3421	117.2234	434.0092	56.9196	203.3778	314.8588	111.9795	213.5369	156.8357	222.2323	175.5131	135.7435	253.4714	240.9601	120.5858	275.2134	149.4348	121.3957	134.1340	90.4368
MEA1	1083.6591	1081.5468	6039.7156	1154.3407	1332.2766	1627.9070	871.9702	2924.8045	1354.0916	1376.3441	1845.9530	1787.3394	1940.2062	886.9444	831.0953	1351.0889	1121.7844	1000.9995	1200.2684	992.9538	775.9897	2501.8356	2155.1265	2618.3496	1568.3765	1136.1435	1937.4446	1632.1143	998.8905	1056.8817	758.0929	1392.2196	988.8556	1321.3720	1589.9051	1150.1629	713.8314	958.0999	1122.6054
MEAF6	1767.0055	2164.3967	1491.9236	1832.7494	1975.3395	1687.7076	842.4217	2479.0447	1952.4255	1529.3255	962.7937	1151.1754	998.8218	1313.8889	2049.7419	1201.2949	2892.3047	1570.7146	1246.9730	1437.3012	1121.4745	2089.3830	1433.3895	2210.9630	1462.2985	1211.0510	2093.0571	2265.7143	1305.6412	828.2836	1008.9927	1395.0675	1433.7763	1316.6227	1504.1955	1438.3910	978.2449	2051.5348	1373.1801
MED20	530.8835	686.0584	3038.5656	635.7579	730.1644	426.0797	632.7181	561.9293	298.7431	723.3627	473.8903	804.1704	605.3019	408.3333	466.2600	544.1436	408.2317	528.7356	712.4726	400.6360	563.0789	810.9876	866.2170	871.1111	334.8909	551.1250	773.9004	563.5714	493.6353	443.8698	370.3410	777.1056	450.0643	435.3562	598.6866	423.1161	330.9188	385.3910	567.8161
MME	171.2275	298.6791	625.0869	118.9938	1791.9943	95.5150	74.5506	65.5584	134.2059	226.2952	50.2611	268.7125	335.4934	25.9259	950.9151	15081.2242	217.1929	41.4793	147.0460	64.6941	105.1945	377.5888	17.9876	376.5926	116.5981	923.9533	137.0411	1074.2857	305.5072	441.8196	168.5425	21.8706	555.0793	214.2480	662.5319	478.6151	795.2863	197.1768	966.2835
NCF4	241.5950	315.6526	89.6514	253.3218	796.9979	1146.1794	80.3223	109.5762	321.1800	592.3754	654.6997	128.2581	273.6377	188.8889	439.9812	226.0153	366.7263	278.8606	232.8228	736.5779	337.9194	671.4628	81.5065	348.7407	668.0284	630.3048	424.5729	139.2857	177.4085	755.5013	919.4050	137.7385	363.4805	284.4327	528.6392	426.1711	487.4152	388.9760	305.7471
NFS1	513.6826	438.2999	887.8584	505.4168	586.4904	359.6346	487.2242	104.8935	596.6552	479.9609	448.6097	423.3304	432.7393	381.4815	459.5026	702.1778	507.7311	440.2799	720.6419	374.9143	386.1936	434.2708	836.9871	1003.8519	579.4840	483.3381	513.6314	690.7143	851.6682	388.5142	364.0066	848.3015	390.9130	430.6069	371.3973	553.4623	389.5338	476.8093	504.2146
NR2F2	3988.2721	1915.2693	856.3258	545.5926	734.0958	1139.5349	436.0007	207.9138	609.1202	874.3891	1148.8251	385.5611	656.5538	566.6667	1124.7302	1479.1054	872.7517	816.5917	648.2859	574.4528	1502.2642	538.9143	354.1315	753.4815	558.4437	704.6426	1677.5718	994.2857	743.4008	751.4009	1063.9670	587.2499	1463.7805	702.3747	2178.4020	1477.5967	828.8619	1080.8873	2238.3142
OSBPL1A	526.9742	1497.5019	596.6458	3694.3271	650.1072	564.7841	3059.2196	1497.5416	720.0582	694.0371	389.0339	1007.9670	2579.0869	263.8889	1010.2299	771.9247	856.2632	90.9545	134.7921	360.1048	785.3563	631.3495	628.4429	426.9630	382.2315	487.3255	571.7921	702.8571	881.6830	680.6687	773.9381	568.6366	877.8397	912.9288	728.2014	789.2057	943.8157	1077.3023	816.0920
OSBPL5	572.3221	434.1934	366.6435	151.1957	830.5933	500.0000	457.8849	76.7970	425.4700	573.8025	815.9269	326.1532	2279.2342	333.3333	765.0868	387.2866	1266.2006	921.0395	152.2976	262.6738	502.9163	65.4022	543.5638	1010.9630	446.2290	1825.9755	579.4257	410.0000	626.0217	790.3548	603.5858	3240.5770	908.7012	292.8760	1132.4334	805.4990	637.3672	652.4759	536.3985
PHC1	392.2674	701.0663	622.1161	571.3878	236.3831	515.7143	638.0978	638.3610	712.9324	512.5073	663.0222	572.3655	490.9367	573.2870	522.4589	150.9064	253.8940	284.6827	589.1933	331.5770	374.2007	173.8478	303.4570	335.3363	246.2325	648.8009	620.5489	173.3786	324.8238	448.3905	412.5332	557.3662	488.2512	83.0185	365.5381	345.4633	357.0821	251.7320	391.7548
PHTF2	824.8632	491.1368	659.7110	1450.6199	1335.9543	956.8106	946.5520	1191.2901	531.8375	549.8534	744.7781	497.2952	356.4065	1011.1111	1126.9826	1594.4673	529.3367	769.1154	631.3640	389.7238	1194.2460	1999.5640	494.6599	823.7037	497.9530	543.1501	840.0582	738.5714	1267.0508	688.8696	518.2965	591.9032	1191.1702	1088.1266	1032.4699	538.1874	553.7128	576.2940	599.2337
PIK3C3	376.8569	495.5171	441.1469	970.6579	444.2459	367.1096	4362.4121	1046.1250	238.9114	547.8983	314.6214	289.9577	288.6598	229.6296	634.0685	317.8340	297.9296	478.7606	639.5332	417.0044	498.2329	588.6200	341.2029	335.7037	292.8104	326.1179	308.6150	402.1429	474.3401	370.5749	495.2209	552.8153	401.2002	829.5515	500.1824	513.7475	755.1663	403.3162	635.2490
PIPSL	261.1415	135.5143	292.4492	267.4293	461.0436	142.0266	149.8226	212.5966	223.9535	199.9022	221.9321	325.7598	219.1458	325.0000	175.6922	305.1795	221.1729	299.3503	369.3654	116.1377	197.0596	467.4079	297.3581	246.2222	163.0621	158.6443	148.6732	275.7143	202.5995	206.0458	135.2865	313.1689	231.4616	313.9842	146.6618	208.7576	152.7974	193.5918	155.5556
PLCD3	440.1876	226.9523	571.9144	87.0985	191.9228	295.6811	373.7149	67.4315	156.6428	214.5650	280.0261	138.4873	50.6627	84.2593	351.3843	214.2437	82.4423	421.7891	121.3713	106.0049	315.5836	98.5394	130.9725	329.4815	65.7508	187.9806	191.9302	127.1429	335.5219	355.1984	304.7339	45.6026	351.4788	282.3219	813.5717	188.3910	169.5852	404.2124	445.2107
POC1A	154.8084	64.0613	302.0326	195.6650	175.8399	131.2292	361.4501	823.2264	333.6450	123.1672	210.1828	241.9593	98.3800	146.2963	64.9460	193.3490	46.0540	74.9625	252.0788	127.8294	305.4964	467.4079	154.5812	218.0741	156.0486	132.4409	164.6674	234.2857	135.0663	246.0248	105.1977	544.4393	163.3090	258.5752	103.9767	96.2322	95.0360	256.3298	112.6437
POLR3G	60.9851	23.8177	47.9171	175.4238	26.4475	34.8837	37.5158	365.2540	71.4657	65.9824	118.1462	59.0145	9.1311	37.9630	31.5345	138.3167	59.1311	253.3733	161.0503	134.0650	93.3061	348.8119	57.8977	32.2963	48.2173	28.1971	75.9724	72.1429	32.1586	181.4433	84.8368	179.6184	66.0094	122.4274	36.4830	36.1507	52.0706	181.0441	36.0153
PPP1R3F	31.2744	158.2369	48.8446	14.1075	146.5332	100.4983	71.6648	72.1143	247.6369	98.7292	189.2950	51.9327	36.8189	72.2222	88.9723	28.2519	230.8386	23.4883	128.9570	72.4886	60.8831	25.2889	73.0748	119.4074	95.5579	73.4833	170.8470	43.5714	45.0221	82.5208	60.1776	56.3053	63.4376	143.0079	103.6118	61.0998	42.6808	112.0323	70.4981
PSME3	3153.2447	1943.1935	3669.8354	3030.6608	2456.0400	1941.0299	2800.2164	1645.5163	2060.0395	2302.0528	1797.6501	2074.9484	1962.0029	1894.4444	1917.2220	2986.1683	1621.5555	2468.2659	2201.0212	1797.4060	2608.6079	2181.8182	2284.9916	2222.5185	1724.4251	2801.7659	1810.2508	3122.8571	2559.2925	2275.2172	2438.7761	3371.3355	2973.4248	4313.9842	2570.2298	2514.7658	2389.5580	3377.9969	2801.5326
RAB12	1403.4402	812.5385	482.2629	639.1315	927.0908	1176.0797	1384.7171	754.8583	1101.4854	980.9384	729.1123	1343.5625	1589.6907	967.5926	901.3609	723.6610	607.2305	1129.9350	518.1619	638.3675	1308.0866	1678.6571	746.4868	934.8148	684.6853	731.9852	450.0182	699.2857	1009.2456	1146.0657	1103.5575	1752.9083	1471.9246	1462.7968	924.4801	867.6171	1040.8434	1244.0063	1127.2031
RCN3	1387.8030	394.2235	138.8052	174.5037	716.5833	1200.9967	1426.8021	223.8352	813.5452	292.2776	1268.2768	234.0907	166.4212	625.9259	1096.9498	1700.4120	1835.9056	604.1979	1692.7790	1433.4040	808.7729	317.4188	3228.2181	2946.3704	517.2399	343.2071	3802.6172	428.5714	1585.9574	1220.8983	667.8355	267.1010	1561.0802	205.2770	3227.6541	1669.5519	304.7412	298.4540	684.2912
RDBP	978.7099	1003.5343	3117.6629	1312.3295	1456.0865	1840.4070	946.5977	3600.0281	1643.2035	1652.6491	1565.2742	2448.7066	1786.1561	813.8889	878.5885	1768.5109	1159.3099	1806.0970	1996.7907	1002.9229	1497.5088	3739.2631	1884.7667	2253.3748	1912.0342	1421.8171	1622.7953	2337.5643	1251.3681	1297.1147	924.9115	1532.8060	1058.5812	1758.8391	1644.5421	1140.4124	951.3047	1189.1374	1262.8352
RNF170	912.4316	870.5770	695.2624	449.9068	192.6376	561.4618	612.0363	561.9293	483.2243	687.1945	469.3211	813.2192	377.3196	329.6296	521.4453	294.2908	477.0284	588.7056	325.6018	333.6035	501.4752	1887.9442	489.0388	1541.9259	792.5167	621.7602	480.5525	462.8571	827.0133	442.3322	471.6928	1947.8827	586.7981	652.2427	537.3951	549.8982	544.6075	679.3637	856.7050
ROGDI	698.9836	724.3857	436.5098	563.0736	504.6462	502.4917	705.3448	691.1730	880.4404	890.5181	648.1723	395.0034	848.3063	588.8889	681.7457	295.1736	850.5775	378.8106	563.6761	507.4203	320.6271	351.4279	920.7420	957.6296	1426.3547	663.6286	831.3341	942.8571	464.6925	596.0977	413.0988	599.8139	468.4955	265.4354	477.5629	413.4420	523.2671	356.7107	225.2874
RPL39	394.0579	260.6256	469.2789	281.5368	295.9257	1809.8007	458.3659	6651.3697	371.4553	382.6979	575.7180	1098.4558	1398.8218	1150.0000	360.7696	439.3761	476.4599	778.1109	477.8993	871.4223	679.0811	4855.4611	476.1102	385.4815	2229.3915	170.3218	448.5642	935.7143	389.1197	404.9159	554.7198	829.6882	267.4668	1303.4301	1014.2284	661.4053	654.4396	510.8671	629.8851
SAMD5	22.6740	229.6900	379.9366	162.2363	56.4689	129.5681	212.5894	98.3376	375.6103	70.8700	359.0078	1320.3502	440.9426	350.0000	59.3149	33.8434	69.9338	785.6072	22.1736	183.9496	43.2306	26.1609	101.1804	23.4074	30.6837	15.0954	131.5885	187.1429	36.9824	62.0188	242.2940	165.6584	69.8671	80.7388	75.1551	91.1405	134.3024	34.0578	525.6705
SGIP1	68.0219	358.9077	20.0943	375.0757	80.4146	78.9037	8.8980	47.7640	35.7328	41.0557	212.7937	12.5898	13.8439	68.5185	222.6185	61.8011	50.0340	39.4803	21.5901	22.6040	134.7354	45.3455	38.7858	72.2963	12.2735	31.8997	121.0469	43.5714	71.2850	101.4852	90.4926	33.9693	214.7450	24.8021	136.8114	76.8839	64.0213	48.3979	133.3333
SIPA1L1	1150.8991	1164.0545	879.5116	786.6469	1693.7098	674.4186	1591.0539	286.5839	730.0301	1260.9971	1451.0444	925.7401	951.3991	489.8148	2884.2797	1123.3078	1063.2219	1137.4313	715.3902	1748.3008	1902.8680	561.5871	243.9573	700.7407	1101.9839	1311.0225	1059.2512	691.4286	1270.8026	1441.8081	1246.3096	486.2727	2019.2885	716.6227	1740.6056	815.1731	1255.6703	1637.4636	619.1571
SLC16A14	569.1947	240.3668	122.1114	282.1502	105.7898	210.9635	6660.2537	2161.5547	65.2332	67.4487	781.9843	813.2192	79.2342	7768.5185	447.4894	2002.3543	84.7166	59.9700	197.2283	44.4285	69.5293	27.9049	4861.7201	69.3333	75.3943	262.8881	85.7870	67.8571	411.0947	68.6819	135.2865	572.8246	303.4719	254.3536	147.3915	206.7210	103.0031	159.5339	180.8429
SLC25A36	1637.2166	1528.9850	1510.4722	1239.9273	1516.4403	657.8073	979.7391	1228.7520	932.7932	1622.6784	956.9191	2840.5626	692.7835	1772.2222	1141.9991	1683.6374	1238.3408	1189.9050	883.4427	996.1339	929.4584	1265.3150	707.1388	1264.8889	1103.7373	1992.8795	1252.2719	785.0000	814.6858	839.5598	1349.6974	1724.5230	1237.8911	1099.2084	985.0420	1136.9654	1310.8709	900.7394	1997.7011
SLC36A1	475.3714	470.8781	502.6664	665.5064	412.0801	239.2027	97.3967	81.4797	124.2339	393.9394	461.4883	201.4360	377.3196	165.7407	545.8470	456.4450	230.2700	357.3213	409.0445	284.4983	558.3956	120.3401	100.6183	273.1852	201.6359	506.4084	278.8077	166.4286	252.4454	761.6519	973.2481	555.6073	642.0917	267.0185	654.5057	375.2546	397.2164	248.2635	455.9387
SNCA	21.8921	90.6167	234.9486	162.5430	29.6640	100.4983	7.4551	12.1751	9.5565	29.8143	18.2768	5.9014	36.2297	12.9630	75.8329	268.9818	36.3883	15.4923	44.9307	69.3708	45.0319	76.7386	5.0590	14.5185	51.7240	27.9123	43.6205	13.5714	58.9575	68.1694	173.2934	16.2866	31.7188	44.3272	114.1919	77.3931	80.2400	34.9541	76.6284
SNX13	1264.2690	1632.4687	718.1390	867.9185	1116.1544	1205.1495	1425.1187	1672.6762	3011.5301	1065.0049	663.8381	679.0597	1007.0692	953.7037	2069.6387	871.3949	2257.2144	1030.4848	790.6637	1305.5746	964.0429	1894.9204	466.5542	943.7037	745.1761	775.8473	1331.8793	768.5714	1588.1013	659.6541	966.9136	538.3899	3241.7488	1272.2955	897.8475	995.4175	1057.3467	1298.6780	987.7395
SOCS1	157.1540	147.2863	83.7777	83.7250	140.8149	500.8306	114.4712	68.3681	131.7129	183.7732	467.3629	110.5538	225.6259	194.4444	145.2839	113.8905	243.9156	304.8476	108.5339	319.5735	188.7737	100.2834	62.3946	604.4444	170.0755	227.5705	231.1887	100.7143	95.4040	413.6293	237.3169	147.0451	169.3099	86.0158	286.0270	275.4582	190.6411	182.8367	97.3180
SRF	1076.6224	1200.7392	5006.8784	978.6317	1286.6333	1259.9668	959.0573	413.0180	1086.5275	1485.8260	2263.0548	1433.6579	1111.9293	924.0741	840.1689	1412.3014	888.6716	1684.6577	2062.7279	653.9565	1456.1515	507.5213	1446.8803	2025.7778	843.3640	1022.7855	1428.5714	1260.7143	1151.2796	1482.8122	1525.2531	1308.5156	984.9979	597.3615	1699.7446	1029.5316	1310.8709	980.5064	1200.0000
SRGAP2	957.7795	814.7286	792.0241	1442.9528	1737.6698	514.1196	1146.6362	288.4570	1136.3872	976.5396	1055.4830	775.0566	817.6730	762.9630	906.9920	846.3802	980.2110	1256.3718	482.5675	558.8639	1174.0717	392.4133	305.2277	1341.9259	470.7759	953.2897	923.3006	1180.7143	1512.5285	2181.9328	958.9955	904.6068	1119.1599	680.2111	872.6742	1057.5356	1136.1640	830.8313	1081.9923
SUMO2	5213.4480	2569.0233	3833.3720	2795.4335	3183.3452	4265.7807	2588.8294	7208.6162	2947.5434	2495.1124	2266.9713	3197.7968	4990.2798	3240.7407	2698.0760	3118.0106	3080.5007	3163.9180	2699.3435	2820.0412	4848.3145	6023.9808	2849.9157	3674.9630	4778.7704	2232.6972	2247.5463	4215.7143	2731.3413	2806.7334	2341.7228	5055.3746	2862.4089	5937.2032	3958.4093	3310.5906	3071.8824	2209.2763	2980.8429
TAS1R3	11.7279	37.2322	16.3846	145.9820	20.3717	24.0864	147.6583	32.7792	386.4132	68.4262	130.5483	124.3238	29.1605	42.5926	15.0164	15.0088	19.3313	41.4793	29.7593	14.0301	11.1679	20.0567	15.1771	70.8148	5.2601	350.3275	55.6161	26.4286	72.3570	16.4017	8.3706	43.2759	81.0116	3.6939	5.1076	20.3666	36.4210	263.4999	116.4751
TBC1D12	265.0508	304.7019	143.1332	215.9062	203.3595	242.5249	448.7465	375.5561	180.3262	145.6500	210.8355	293.4986	167.3049	425.9259	310.8400	272.2190	200.7045	317.3413	172.1371	207.3330	331.0745	219.7515	210.2305	357.9259	180.5956	160.0684	256.6340	185.0000	274.9565	182.4684	257.2253	328.9902	202.3146	139.8417	288.9456	242.3625	420.5485	243.7822	281.2261
TFG	2501.1728	1558.5518	3650.0502	2331.4191	4168.6919	1463.4551	2161.9672	1817.8413	3195.5957	2027.3705	2199.0862	4109.7669	1078.9396	5067.5926	1731.3937	4100.3531	1788.7145	2067.4663	3473.0853	2323.5331	1947.1794	1982.9954	3320.9668	2635.8519	2293.3890	3010.2535	1838.6041	1866.4286	1488.9455	2091.2111	1919.5747	2704.0484	3329.6185	4239.5778	1901.8606	2663.4420	1534.8030	2445.8884	5777.0115
THTPA	186.8647	193.2790	575.9332	252.0950	302.0014	327.2425	303.4931	489.8150	146.6708	274.6823	416.4491	340.3167	424.1532	338.8889	338.6204	207.7693	213.2129	320.3398	483.7345	516.7737	197.0596	231.0879	367.0601	225.7778	501.4597	223.8678	378.4079	148.5714	381.0800	236.7989	307.9011	582.5966	253.3219	290.7652	480.8464	192.9735	283.9699	211.5169	190.0383
TMEM109	2397.1853	5142.1532	1845.8923	1637.0843	2221.9442	3427.7409	1373.8953	1397.3308	2099.5118	3114.3695	2733.6815	1764.5323	1949.0427	1852.7778	3148.1933	1398.4697	2866.1506	2784.1079	1636.7615	2450.5830	2987.5964	1090.0371	1601.4615	3921.4815	2680.0039	3070.9200	2846.6012	2673.5714	2816.0257	2942.0471	2942.8200	1427.6408	2688.3841	3180.4749	4613.2798	3091.1405	3248.0120	5363.2086	3137.1648
TMF1	889.7576	1394.8395	1016.4619	855.6511	1906.0043	1052.3256	1617.9883	853.1960	1187.4935	935.9726	1361.6188	786.8594	836.8189	1209.2593	1437.8226	867.5692	1132.5872	1031.9840	844.9307	1162.1563	1513.4321	1448.4412	721.1917	1131.8519	973.9890	1288.2370	1253.7259	874.2857	1067.1312	794.4552	1334.9924	590.9725	1350.1929	1535.0923	900.4013	1391.0387	1712.0708	1351.5572	1295.7854
TNFRSF6B	399.3354	56.6204	102.4314	36.6029	117.9700	362.8571	27.5308	44.0927	140.4425	273.6070	167.6305	44.8549	22.2150	50.2130	208.2215	104.8323	48.9537	69.8901	65.3421	41.0613	136.1404	54.4931	99.4997	84.0119	128.9768	182.9222	77.5027	194.4429	111.9228	195.9742	157.0364	19.3392	422.9919	350.7652	779.1937	83.0906	63.5006	1110.1232	62.0230
TP53BP2	1715.4027	1628.0884	1985.0066	2481.0814	1662.2588	774.0864	1561.9551	696.7923	2495.0660	1583.5777	947.7807	614.5372	1041.8262	1815.7407	1250.1173	1484.4026	1664.1981	1357.8211	1802.4799	1318.8252	1455.0708	1073.4685	1690.8375	1389.9259	531.2667	874.1099	1142.4936	1067.1429	2105.8556	1038.9424	1340.8744	1402.0475	1558.9370	1448.0211	743.5243	1135.4379	1487.2850	1327.3583	1045.2107
TPRA1	494.9179	707.4122	841.4870	525.0447	873.4811	783.2226	436.4817	679.9344	1077.8020	880.7429	883.8120	1273.1386	1048.8954	853.7037	515.0634	1022.6604	619.1704	556.2219	603.3552	716.3123	519.4880	995.8579	998.8758	832.8889	865.2809	885.2179	663.3951	1019.2857	512.3945	593.5349	857.4176	736.1564	672.0960	777.8364	815.3958	815.1731	721.8753	475.9131	1167.8161
TTC31	724.0031	460.4750	661.8750	475.9751	401.7155	410.2990	641.3756	419.5739	354.4199	650.5376	541.7755	733.3530	719.2931	522.2222	474.8944	371.9835	546.3937	760.6197	437.0532	394.4004	512.6432	314.8027	377.1782	626.3704	514.6098	602.9621	557.6154	239.2857	458.2608	650.4282	491.3749	526.2913	515.2165	544.0633	356.0744	400.2037	523.8362	318.1716	649.8084
VGLL3	368.2565	862.9115	1215.2407	257.3087	274.4818	566.4452	130.8243	104.8935	100.5505	331.8671	552.8721	67.6699	208.5420	308.3333	1136.3679	431.1360	391.1747	221.3893	153.4646	118.4760	1544.7743	185.7423	57.3356	324.7407	77.1476	159.2139	1125.7724	237.1429	474.3401	418.2422	551.3263	105.6305	826.8324	160.9499	1640.6421	746.9450	592.1255	278.7363	1808.4291
VPS39	1713.0571	2390.5277	308.2155	1855.4440	850.2502	1368.7708	2287.9817	579.7237	806.0663	1857.2825	1436.6841	1532.0153	1382.6215	1133.3333	1676.5838	1701.5892	1991.6932	1329.8351	1634.4274	1405.3439	1734.9891	681.0552	1870.1518	1589.9259	1954.1147	1631.4440	2298.4369	1417.1429	1268.1227	1623.7639	2152.5932	1057.7013	1232.3189	1131.9261	1576.7968	1738.7984	1636.3834	1149.8992	1626.0536
XYLT1	319.7811	397.2350	122.1114	303.6181	425.6612	367.9402	70.9433	443.9241	433.7800	207.2336	1014.3603	46.4247	95.7290	1624.0741	979.4463	266.9217	233.1128	227.8861	72.3559	211.2303	1705.8084	52.3218	210.2305	563.8519	68.3809	419.5386	365.3217	197.8571	1055.3397	434.6439	302.6978	663.0991	1061.7231	87.0712	1031.7402	401.7312	257.7923	181.9404	391.5709
YIF1A	1278.3425	1027.7188	1357.4465	742.1776	1210.5075	1862.9568	858.7747	2682.2758	3802.2229	1493.1574	1676.2402	3291.4331	2013.8439	1731.4815	986.5791	1767.5103	1866.0397	1467.7661	1336.2509	1381.1810	790.3999	4160.4535	2146.1495	2368.5926	1790.1759	1264.3122	1549.9818	2460.0000	1352.2712	1397.7286	1401.5044	1227.5477	1133.7334	2793.1398	2167.8220	1405.2953	857.6004	1959.2203	1329.5019
ZBTB25	97.0289	121.8863	33.7677	85.5651	105.7041	83.6711	64.7652	152.1424	49.2615	133.3920	192.1410	83.5055	90.4065	87.1852	188.1708	54.6380	144.7403	117.5562	101.1641	105.2488	75.8661	142.9169	68.2406	53.3007	93.0769	119.8433	103.2824	53.0857	73.6862	98.4766	98.0216	104.4114	112.9361	67.3773	73.9511	69.0224	96.3591	154.0668	82.0307
ZNF330	484.7537	966.6689	579.3338	610.9165	907.0765	478.4053	1350.5681	671.5055	570.0634	459.9218	345.9530	649.1590	420.9131	2038.8889	594.2750	719.8352	578.2335	918.0410	497.1554	955.6027	587.5762	374.9727	738.0551	310.5185	854.7608	459.6981	700.1091	570.7143	527.4018	585.3341	667.3831	635.1792	468.4955	579.9472	628.6027	629.3279	651.8787	513.5559	370.8812
ZNF396	29.7107	87.3315	112.8372	59.8036	55.0393	58.1395	375.6388	145.1651	50.2753	63.0499	33.9426	66.8831	32.9897	14.8148	38.2919	7.3573	54.0139	44.4778	35.5945	24.1629	22.6961	152.6052	40.4722	29.9259	69.2575	16.5195	26.8993	37.8571	65.3893	18.4519	35.7446	42.3453	83.1547	77.0449	42.3203	65.6823	47.8025	73.4932	41.3793
ZNF485	38.3112	54.4795	52.8634	41.0958	42.1730	53.9867	81.0437	84.2894	41.1343	43.0108	46.9974	54.6867	50.3682	49.0741	43.9230	37.0806	59.1311	189.4053	43.7637	45.2080	68.4485	95.9233	43.2827	84.1481	56.9841	45.0014	49.8001	45.0000	51.4538	63.5564	26.4691	97.2545	27.4325	30.6069	37.5775	72.3014	36.4210	68.1156	72.7969
ZNF506	82.8772	207.5149	107.5817	240.4410	370.2645	287.3754	244.3336	723.0157	357.7438	374.8778	385.7702	290.3511	225.6259	345.3704	377.2877	74.1613	164.8847	102.9485	457.4763	333.6035	355.5719	95.0512	41.5964	277.9259	442.7223	307.8895	279.5347	250.0000	365.5366	341.8720	200.6674	133.5505	136.3052	174.1425	278.7304	244.9084	306.7330	380.0134	678.9272
ZNF700	197.8108	299.4757	162.3000	226.9469	192.9950	222.5914	128.1789	475.7668	214.8125	292.7664	336.1619	324.9730	153.4610	187.0370	253.3759	109.7705	235.3871	390.8046	336.6885	198.7591	297.9311	384.5651	139.4042	184.0000	470.7759	258.6158	224.6456	163.5714	212.2471	384.4138	225.7791	221.4984	181.7402	132.4538	117.1105	158.3503	251.5324	182.8367	193.1034
ZNF711	17.2009	105.6738	49.7720	269.8828	22.5161	40.6977	8.6575	5.6193	31.5779	101.6618	52.2193	182.5514	40.0589	27.7778	116.0019	16.1860	106.3222	174.9125	189.0591	188.6263	319.1861	4.3601	40.4722	9.4815	15.7802	14.5258	93.7841	25.7143	16.6153	164.5291	61.3087	26.9893	114.0163	229.5515	71.8716	42.7699	26.7467	17.0289	88.8889
