ID	7149	4395	5933	A48Z	4415	4396	4398	7158	5044	7813
ALDH6A1	444.1301	240.7314	318.9040	128.0442	198.6133	722.6839	108.0687	504.5685	98.6080	210.8941
ANKLE1	6.6170	5.6372	10.2053	13.4118	82.6667	5.3071	64.5346	4.8050	11.2590	22.6105
ARHGEF10L	430.1075	566.4080	816.4203	1596.8284	97.7778	921.9105	1140.7134	721.9917	519.9591	195.2724
ARMC6	559.6912	619.2504	501.5882	546.8525	390.2222	244.8825	730.8047	775.4938	899.6929	172.6619
BCO2	6.6170	117.8451	6.6334	12.4940	3.1111	14.4049	7.1770	9.9585	13.3060	25.6937
C14orf129	683.2093	734.9882	417.3949	511.2926	561.7778	463.2297	779.4693	323.6515	459.5701	697.8417
C1orf86	2575.9250	1042.6712	195.4255	1031.1917	630.1467	295.8908	451.2462	760.4066	1847.5026	208.2014
C7orf28B	637.9928	1594.2640	1435.3689	858.7218	961.7778	944.6550	1391.6920	825.3112	493.3470	1208.6331
CAPN10	640.2923	449.9991	220.2855	525.0889	200.0622	474.0030	336.8051	422.4066	300.9212	136.7729
CARM1	935.7596	831.8949	1462.4128	1676.5978	1029.7778	797.5739	1620.7047	1124.4813	2041.9652	513.8746
CDK2AP1	4805.0731	2173.8255	1714.9928	1624.6997	1860.0000	1784.6854	2060.8960	2073.0290	6593.6540	4369.9897
CGGBP1	1772.8150	1607.9651	2075.7485	1553.0995	2096.0444	2108.4155	1773.4102	2180.9253	1449.3347	2469.6814
CHCHD8	1197.6840	1646.6097	884.7954	685.2475	1257.7778	666.4139	835.5807	931.1203	1431.9345	1014.3885
COQ9	1386.2696	1263.2777	1487.4156	727.5348	1121.7778	1553.4496	868.6385	1092.5311	1158.6489	1400.8222
COX7A1	161.0146	41.6082	125.0144	141.2782	5.7778	27.2934	68.2906	20.7469	211.8731	17.4717
CUL3	1581.4723	1231.8702	1613.4505	1369.0533	1836.0000	2222.1380	1182.2532	1584.6473	1253.8383	1337.1017
CXXC1	698.6490	795.9240	503.1190	978.3758	5616.0000	1260.0455	855.8069	927.3859	863.8690	654.6763
DDX10	376.6198	773.6435	785.2942	304.6612	1060.8889	338.1350	188.1253	666.8050	358.2395	559.0956
DYNC1H1	8503.4464	2712.0473	5382.7608	7261.4128	24033.7778	4591.3571	4770.3349	8157.2614	14231.3204	4633.0935
ECHDC2	1047.6978	492.3186	221.4540	840.9419	303.5556	904.4731	557.8512	1488.7967	458.5466	617.6773
EDEM2	2180.3143	1745.3956	953.6809	929.8414	1427.1111	1510.2350	1663.5494	718.2573	1483.1116	1077.0812
EIF3J	1226.3579	1391.3235	1613.4505	871.6963	2780.4444	1639.8787	813.6146	1848.5477	1676.5609	1244.6043
EIF3M	1853.0797	3747.5726	2314.5259	1844.2287	7811.8844	1371.4632	1913.5711	3339.7469	4049.9079	3696.5673
ENC1	899.7960	872.6119	1456.7080	1882.5853	782.5556	1059.1888	1380.5002	7508.3900	1153.4800	6865.2724
ESYT1	1669.1481	3173.2269	3476.9297	1735.7040	2548.8889	2013.6467	3983.4711	2478.4232	3574.2068	1795.4779
FAM164A	132.8922	201.5983	563.8402	556.9438	138.2222	216.0728	160.5046	408.7137	201.6377	1012.3330
FAM3C	886.6832	6068.8870	3227.9216	2043.2484	462.2222	1567.8544	3750.1087	936.5145	1128.9662	2567.3176
FBXO28	1250.0689	3595.7511	1698.1541	1134.0702	1485.7778	1203.9424	1371.2484	2187.5519	1461.6172	1569.3731
FUNDC1	291.1497	151.1316	176.5509	399.3272	450.2222	340.4094	178.5559	280.0830	472.8762	566.2898
GPM6B	185.2771	16.6433	80.1112	69.1975	13.7778	619.4086	33.0579	16.1826	119.7544	194.2446
GPN1	746.0711	2704.1552	1196.5149	638.1547	1402.0222	871.1145	2094.8391	853.3071	1970.3173	937.9445
HEXDC	323.1376	294.7576	170.9380	1014.8967	220.8933	126.6111	305.4263	509.5436	234.3910	236.3823
HMBOX1	45.2164	34.0919	67.3547	125.4205	203.5556	120.5459	61.7660	71.3693	57.3183	132.5797
IMP4	1197.1326	1218.4483	612.8255	601.1533	998.2222	623.9575	871.4659	805.3942	982.5998	389.5170
INTS2	425.6962	334.4760	372.4917	291.6867	828.4444	206.2168	371.6833	232.3651	157.6254	346.3515
IP6K1	1041.6322	1241.8025	1131.7626	1130.2259	1573.7778	1974.2229	1209.4389	1478.8382	1128.9662	753.3402
ITGAE	288.9440	503.0562	139.3017	202.7871	230.6667	195.6027	253.3710	197.9253	267.1443	427.5437
KIAA1430	851.9438	817.9361	1417.5097	607.8808	1157.7778	1274.4503	707.6990	1785.4772	647.9017	526.2076
LAMA1	8.2713	36.2394	80.6215	46.1317	2792.0000	12.1304	30.6655	31.1203	15.3531	14.3885
LRP1	2770.8850	3252.1482	15818.1424	8855.8385	3152.0000	7344.9583	5571.7703	3165.1452	4196.5200	1864.3371
LRRC59	3508.3926	8665.8059	8764.6694	3244.1134	4940.6844	3794.8901	9297.6294	2627.1203	8369.9284	4349.9897
MAP7D2	31.9824	44.5610	23.4721	310.4277	0.8889	6.8234	135.7112	7.8838	30.7062	9.2497
MDP1	175.6658	177.4226	107.4052	159.0389	82.5778	64.0485	121.8834	167.1950	232.1085	313.9363
MEA1	1959.1177	881.5483	1335.3574	1330.5863	725.7422	780.0531	1351.8921	1342.3237	1898.6694	2014.2857
MEAF6	2317.6179	1766.8708	917.4523	881.7876	1037.7778	824.8673	1030.2305	1420.7469	1866.9396	1285.7143
MED20	864.0750	428.1615	640.8899	385.8722	491.5556	490.5231	615.9200	651.0373	338.7922	622.8160
MME	16.5426	328.5703	329.6297	481.4993	47.1111	75.8150	80.6873	27.8008	128.9662	117.1634
NCF4	109.1811	159.1848	419.9462	423.3542	98.6667	114.4807	498.9126	161.4108	280.4504	245.6321
NFS1	756.5481	697.1382	438.3156	476.2134	420.4444	682.3351	667.8991	505.8091	523.0297	730.7297
NR2F2	1602.9777	674.0523	1242.4896	506.0067	2088.8889	1294.9204	390.1696	856.4315	1357.2160	365.8787
OSBPL1A	973.8076	624.9279	517.9166	375.7809	1092.0000	1561.7892	648.5428	548.5477	482.0880	1565.2621
OSBPL5	249.7932	2238.2511	717.4293	701.5858	77.7778	870.3563	476.9465	487.9668	851.5865	701.9527
PHC1	297.2264	491.8461	158.2937	522.4652	649.8533	476.3457	117.2292	597.6266	320.3378	803.1860
PHTF2	301.6267	537.1480	827.6460	1473.8107	389.7778	468.5368	767.0726	719.5021	386.8987	1279.5478
PIK3C3	319.2721	317.0274	564.3505	298.8948	839.5556	770.2805	506.3071	484.6473	348.0041	492.2919
PIPSL	422.9391	366.4203	252.0698	183.5656	339.5556	115.9970	348.1949	520.7469	313.2037	199.3834
PLCD3	287.8412	674.8577	384.2278	290.2451	1152.0000	99.3177	130.0565	56.0166	1990.7881	64.7482
POC1A	60.1048	138.5149	242.8850	225.8530	498.6667	126.6111	317.0944	111.6183	230.2968	146.9681
POLR3G	62.8619	162.4061	140.8325	57.6646	445.7778	18.9538	171.8138	144.8133	269.1914	131.5519
PPP1R3F	75.5445	214.2150	103.0731	103.3157	124.4444	74.2987	124.8369	41.9087	126.9191	36.9990
PSME3	2395.3681	5297.9279	2666.6326	1974.0509	3756.4444	2155.4208	2724.6629	2755.6017	4219.0379	2664.9538
RAB12	874.5520	580.6353	1041.9563	806.3431	1435.1111	874.9052	649.1953	758.9212	1177.0727	1344.2960
RCN3	389.3025	135.8305	1875.2153	1324.8438	198.2222	111.4481	3050.2392	176.7635	896.6223	182.9394
RDBP	2502.8950	1818.5347	1784.3885	1274.8679	1477.7822	1247.1569	2557.4815	1601.4191	2588.5363	1432.6824
RNF170	687.6206	555.4019	1020.0151	848.1499	601.3333	664.1395	718.1383	473.0290	499.4882	427.5437
ROGDI	596.6363	290.4519	237.7824	864.9688	120.8889	364.6702	427.3597	612.4481	699.0788	442.9599
RPL39	1326.1649	1583.7948	466.3801	1091.7828	593.7778	301.7437	619.8347	1504.1494	1362.3337	1114.0802
SAMD5	238.7648	279.4458	35.7184	383.4695	26.6667	53.0705	13.9191	342.3237	100.3071	295.9918
SGIP1	46.8707	13.4220	126.5451	126.3815	14.2222	42.4564	53.7190	21.1618	84.9539	53.4430
SIPA1L1	757.6510	1159.3915	1466.4949	765.0168	426.6667	532.9795	978.4689	882.9876	859.7748	726.6187
SLC16A14	3064.2404	845.5854	360.2454	229.2167	148.4444	2463.2297	270.7699	15.7676	63.4596	819.1161
SLC25A36	1042.7350	703.3123	1293.0056	1334.4546	1003.5556	1479.1509	1113.0926	1588.7967	660.1842	2205.5498
SLC36A1	163.2203	287.4990	581.1892	400.7689	433.3333	138.7415	282.2967	280.0830	385.8751	162.3844
SNCA	18.1969	29.5284	43.3723	24.9880	122.6667	10.6141	34.1453	11.6183	38.8946	11.3052
SNX13	867.3835	1195.6309	1932.3647	985.1033	941.3333	1250.1895	1609.1779	1211.6183	369.4985	619.7328
SOCS1	81.0587	107.3759	85.7241	197.0207	28.8889	31.8423	405.8286	30.7054	451.3818	94.5529
SRF	1441.4116	637.8130	1090.9416	1272.4652	1352.4444	1570.8870	1282.0792	1923.2365	1794.2682	1160.3289
SRGAP2	385.9939	524.7998	1129.7215	954.3489	537.3333	593.6315	1730.1000	1675.5187	1079.8362	975.3340
SUMO2	4799.0074	4469.5227	3180.9774	3503.6040	4495.5556	1737.6801	4035.0152	3200.8299	4962.1290	5448.0987
TAS1R3	92.0871	17.1801	10.7155	48.0538	16.4444	11.3723	53.5015	6.2241	30.7062	14.3885
TBC1D12	234.9049	131.5355	285.7471	264.7765	212.8889	305.5345	199.6520	332.7801	187.3081	356.6290
TFG	3146.9534	5368.2591	3039.1244	1629.5050	3626.6667	5815.7695	3530.0130	1732.3651	3324.4626	3126.4132
THTPA	280.6727	210.7252	120.9322	243.1523	245.7778	251.7058	304.6977	481.3278	262.0266	249.7431
TMEM109	1976.2889	2621.5831	2692.1458	2564.6324	1364.0000	2457.1645	3115.7025	2290.4564	2064.4831	1434.7379
TMF1	848.0838	960.4776	1823.1685	902.4507	1191.5556	2798.3321	1644.1931	1020.3320	737.9734	1606.3720
TNFRSF6B	42.1285	75.2464	491.2707	266.1605	327.4711	386.9674	547.7033	13.9004	5462.1699	11.6033
TP53BP2	1058.7262	1716.6725	1291.4748	1075.9250	1441.3333	1545.8681	2350.1522	3603.3195	930.3992	2046.2487
TPRA1	1032.8095	682.9109	587.3123	941.3743	289.3333	637.6042	939.9739	769.2946	1082.9069	384.3782
TTC31	587.2622	265.2185	287.7881	671.3119	521.3333	332.8279	312.9622	650.2075	459.5701	693.7307
VGLL3	191.8941	851.4910	1040.9358	675.6367	6086.2222	126.6111	269.6825	73.0290	195.4964	285.7143
VPS39	2313.2065	927.4595	1445.0638	1648.2460	1824.4444	3476.1183	1053.2840	1644.8133	1454.4524	1419.3217
XYLT1	99.8070	132.0724	1599.1632	529.5531	61.7778	443.5178	434.7542	234.4398	572.1597	748.2014
YIF1A	1454.6457	2666.9494	1653.2510	1462.2778	1272.4444	2150.1137	3429.9696	1117.4274	2257.9324	895.1696
ZBTB25	62.4759	150.7424	62.9256	160.1874	238.2711	42.7521	76.6094	143.3237	86.8373	89.5786
ZNF330	1426.5233	474.6016	631.7052	447.8616	489.7778	1033.3586	494.9978	819.5021	504.6059	3918.8078
ZNF396	56.7963	13.9589	21.4310	23.0658	38.6667	84.9128	67.4206	58.0913	25.5885	36.9990
ZNF485	66.7218	64.9624	96.4396	58.1451	38.2222	44.7309	58.9387	146.0581	77.7892	92.4974
ZNF506	146.1263	188.9816	244.4158	508.8900	39.1111	427.5967	433.0144	398.3402	224.1556	396.7112
ZNF700	149.4348	112.2078	171.9585	433.4455	24.4444	182.7142	281.6442	295.0207	139.2016	298.0473
ZNF711	124.6209	8.0532	13.2668	181.6434	250.6667	47.7635	16.3114	7.8838	110.5425	158.2734
